timestamp,event_start,event_time,location,use_case,charging_use_case,soc_start,soc_end,energy,station_charging_capacity,average_charging_power
2022-08-01 00:00:00,0,31,home,home,home_detached,1.0,1.0,0.0,11.0,0.0
2022-08-01 07:45:00,31,5,driving,,,1.0,0.9912,-0.88,0.0,0.0
2022-08-01 09:00:00,36,86,business,public,street,0.9912,0.9912,0.0,0.0,0.0
2022-08-02 06:30:00,122,2,driving,,,0.9912,0.9794,-1.18,0.0,0.0
2022-08-02 07:00:00,124,12,work,work,work,0.9794,0.9794,0.0,0.0,0.0
2022-08-02 10:00:00,136,1,driving,,,0.9794,0.9786,-0.08,0.0,0.0
2022-08-02 10:15:00,137,16,private,public,street,0.9786,0.9786,0.0,0.0,0.0
2022-08-02 14:15:00,153,9,driving,,,0.9786,0.9277,-5.09,0.0,0.0
2022-08-02 16:30:00,162,8,home,home,home_detached,0.9277,0.9796,5.19,11.0,2.5948
2022-08-02 18:30:00,170,1,driving,,,0.9796,0.9739,-0.57,0.0,0.0
2022-08-02 18:45:00,171,50,private,public,street,0.9739,0.9739,0.0,0.0,0.0
2022-08-03 07:15:00,221,2,driving,,,0.9739,0.9612,-1.27,0.0,0.0
2022-08-03 07:45:00,223,40,work,work,work,0.9612,0.9612,0.0,0.0,0.0
2022-08-03 17:45:00,263,2,driving,,,0.9612,0.9407,-2.05,0.0,0.0
2022-08-03 18:15:00,265,59,leisure,public,street,0.9407,0.9407,0.0,0.0,0.0
2022-08-04 09:00:00,324,4,driving,,,0.9407,0.9187,-2.2,0.0,0.0
2022-08-04 10:00:00,328,1,private,public,street,0.9187,0.9187,0.0,0.0,0.0
2022-08-04 10:15:00,329,1,driving,,,0.9187,0.9152,-0.35,0.0,0.0
2022-08-04 10:30:00,330,77,home,home,home_detached,0.9152,1.0,8.48,11.0,2.2409
2022-08-05 05:45:00,407,2,driving,,,1.0,0.9848,-1.52,0.0,0.0
2022-08-05 06:15:00,409,36,work,work,work,0.9848,0.9848,0.0,0.0,0.0
2022-08-05 15:15:00,445,1,driving,,,0.9848,0.977,-0.78,0.0,0.0
2022-08-05 15:30:00,446,1,private,public,street,0.977,0.977,0.0,0.0,0.0
2022-08-05 15:45:00,447,1,driving,,,0.977,0.9674,-0.96,0.0,0.0
2022-08-05 16:00:00,448,63,home,home,home_detached,0.9674,1.0,3.26,11.0,1.8697
2022-08-06 07:45:00,511,2,driving,,,1.0,0.9948,-0.52,0.0,0.0
2022-08-06 08:15:00,513,8,shopping,public,retail,0.9948,0.9948,0.0,0.0,0.0
2022-08-06 10:15:00,521,3,driving,,,0.9948,0.9697,-2.51,0.0,0.0
2022-08-06 11:00:00,524,2,home,home,home_detached,0.9697,0.9804,1.07,11.0,2.121
2022-08-06 11:30:00,526,1,driving,,,0.9804,0.9777,-0.27,0.0,0.0
2022-08-06 11:45:00,527,5,shopping,public,retail,0.9777,0.9777,0.0,0.0,0.0
2022-08-06 13:00:00,532,1,driving,,,0.9777,0.9604,-1.73,0.0,0.0
2022-08-06 13:15:00,533,75,home,home,home_detached,0.9604,1.0,3.96,11.0,1.9079
2022-08-07 08:00:00,608,1,driving,,,1.0,0.9957,-0.43,0.0,0.0
2022-08-07 08:15:00,609,10,private,public,street,0.9957,0.9957,0.0,0.0,0.0
2022-08-07 10:45:00,619,1,driving,,,0.9957,0.9956,-0.01,0.0,0.0
2022-08-07 11:00:00,620,52,home,home,home_detached,0.9956,1.0,0.44,11.0,1.509
