timestamp,event_start,event_time,location,use_case,charging_use_case,soc_start,soc_end,energy,station_charging_capacity,average_charging_power
2022-08-01 00:00:00,0,51,home,home,home_detached,0.9785,1.0,2.1539,11.0,0.16893333333333335
2022-08-01 12:45:00,51,10,driving,,,1.0,0.9526,-4.739999771118164,0.0,0.0
2022-08-01 15:15:00,61,2,private,public,street,0.9526,0.9526,0.0,0.0,0.0
2022-08-01 15:45:00,63,1,driving,,,0.9526,0.9483,-0.4300000071525574,0.0,0.0
2022-08-01 16:00:00,64,14,home,home,home_detached,0.9483,1.0,5.170000076293945,11.0,1.9740999937057495
2022-08-01 19:30:00,78,1,driving,,,1.0,0.9897,-1.0299999713897705,0.0,0.0
2022-08-01 19:45:00,79,41,leisure,public,street,0.9897,0.9897,0.0,0.0,0.0
2022-08-02 06:00:00,120,6,driving,,,0.9897,0.9293,-6.039999961853027,0.0,0.0
2022-08-02 07:30:00,126,41,work,work,work,0.9293,0.9293,0.0,0.0,0.0
2022-08-02 17:45:00,167,1,driving,,,0.9293,0.9261,-0.3199999928474426,0.0,0.0
2022-08-02 18:00:00,168,2,shopping,public,retail,0.9261,0.9261,0.0,0.0,0.0
2022-08-02 18:30:00,170,2,driving,,,0.9261,0.9091,-1.7000000476837158,0.0,0.0
2022-08-02 19:00:00,172,2,private,public,street,0.9091,0.9091,0.0,0.0,0.0
2022-08-02 19:30:00,174,2,driving,,,0.9091,0.8886,-2.049999952316284,0.0,0.0
2022-08-02 20:00:00,176,72,leisure,public,street,0.8886,0.8886,0.0,0.0,0.0
2022-08-03 14:00:00,248,4,driving,,,0.8886,0.8679,-2.069999933242798,0.0,0.0
2022-08-03 15:00:00,252,88,home,home,home_detached,0.8679,1.0,13.210000038146973,11.0,2.7920000553131104
2022-08-04 13:00:00,340,1,driving,,,1.0,0.9963,-0.3700000047683716,0.0,0.0
2022-08-04 13:15:00,341,33,school,public,street,0.9963,0.9963,0.0,0.0,0.0
2022-08-04 21:30:00,374,3,driving,,,0.9963,0.9825,-1.3799999952316284,0.0,0.0
2022-08-04 22:15:00,377,65,home,home,home_detached,0.9825,1.0,1.75,11.0,1.659000039100647
2022-08-05 14:30:00,442,9,driving,,,1.0,0.9689,-3.109999895095825,0.0,0.0
2022-08-05 16:45:00,451,23,private,public,street,0.9689,0.9689,0.0,0.0,0.0
2022-08-05 22:30:00,474,1,driving,,,0.9689,0.9662,-0.27000001072883606,0.0,0.0
2022-08-05 22:45:00,475,133,home,home,home_detached,0.9662,1.0,3.380000114440918,11.0,1.847000002861023
2022-08-07 08:00:00,608,3,driving,,,1.0,0.9922,-0.7799999713897705,0.0,0.0
2022-08-07 08:45:00,611,2,private,public,street,0.9922,0.9922,0.0,0.0,0.0
2022-08-07 09:15:00,613,1,driving,,,0.9922,0.9904,-0.18000000715255737,0.0,0.0
2022-08-07 09:30:00,614,52,home,home,home_detached,0.9904,1.0,0.9599999785423279,11.0,1.5787999629974365
2022-08-07 22:30:00,666,1,driving,,,1.0,0.9999,-0.009999999776482582,0.0,0.0
2022-08-07 22:45:00,667,5,private,public,street,0.9999,0.9999,0.0,0.0,0.0
