timestamp,event_start,event_time,location,use_case,charging_use_case,soc_start,soc_end,energy,station_charging_capacity,average_charging_power
2022-08-01 00:00:00,0,30,home,home,home_detached,0.9214,1.0,7.8614,11.0,1.0481866666666666
2022-08-01 07:30:00,30,2,driving,,,1.0,0.973,-2.700000047683716,0.0,0.0
2022-08-01 08:00:00,32,8,leisure,public,street,0.973,0.973,0.0,0.0,0.0
2022-08-01 10:00:00,40,2,driving,,,0.973,0.9343,-3.869999885559082,0.0,0.0
2022-08-01 10:30:00,42,86,work,work,work,0.9343,0.9343,0.0,0.0,0.0
2022-08-02 08:00:00,128,3,driving,,,0.9343,0.9181,-1.6200000047683716,0.0,0.0
2022-08-02 08:45:00,131,1,school,public,street,0.9181,0.9181,0.0,0.0,0.0
2022-08-02 09:00:00,132,2,driving,,,0.9181,0.9078,-1.0299999713897705,0.0,0.0
2022-08-02 09:30:00,134,82,leisure,public,street,0.9078,0.9078,0.0,0.0,0.0
2022-08-03 06:00:00,216,2,driving,,,0.9078,0.8894,-1.840000033378601,0.0,0.0
2022-08-03 06:30:00,218,4,private,public,street,0.8894,0.8894,0.0,0.0,0.0
2022-08-03 07:30:00,222,3,driving,,,0.8894,0.8566,-3.2799999713897705,0.0,0.0
2022-08-03 08:15:00,225,24,work,work,work,0.8566,0.8566,0.0,0.0,0.0
2022-08-03 14:15:00,249,1,driving,,,0.8566,0.8497,-0.6899999976158142,0.0,0.0
2022-08-03 14:30:00,250,61,home,home,home_detached,0.8497,1.0,15.029999732971191,11.0,2.9084999561309814
2022-08-04 05:45:00,311,3,driving,,,1.0,0.9697,-3.0299999713897705,0.0,0.0
2022-08-04 06:30:00,314,16,work,work,work,0.9697,0.9697,0.0,0.0,0.0
2022-08-04 10:30:00,330,2,driving,,,0.9697,0.96,-0.9700000286102295,0.0,0.0
2022-08-04 11:00:00,332,18,business,public,street,0.96,0.96,0.0,0.0,0.0
2022-08-04 15:30:00,350,15,driving,,,0.96,0.9329,-2.7100000381469727,0.0,0.0
2022-08-04 19:15:00,365,4,shopping,public,retail,0.9329,0.9329,0.0,0.0,0.0
2022-08-04 20:15:00,369,1,driving,,,0.9329,0.9285,-0.4399999976158142,0.0,0.0
2022-08-04 20:30:00,370,58,home,home,home_detached,0.9285,1.0,7.150000095367432,11.0,2.248199939727783
2022-08-05 11:00:00,428,1,driving,,,1.0,0.9971,-0.28999999165534973,0.0,0.0
2022-08-05 11:15:00,429,3,private,public,street,0.9971,0.9971,0.0,0.0,0.0
2022-08-05 12:00:00,432,1,driving,,,0.9971,0.9962,-0.09000000357627869,0.0,0.0
2022-08-05 12:15:00,433,12,home,home,home_detached,0.9962,1.0,0.3799999952316284,11.0,1.5263999700546265
2022-08-05 15:15:00,445,1,driving,,,1.0,0.9902,-0.9800000190734863,0.0,0.0
2022-08-05 15:30:00,446,53,business,public,street,0.9902,0.9902,0.0,0.0,0.0
2022-08-06 04:45:00,499,5,driving,,,0.9902,0.9575,-3.2699999809265137,0.0,0.0
2022-08-06 06:00:00,504,12,work,work,work,0.9575,0.9575,0.0,0.0,0.0
2022-08-06 09:00:00,516,1,driving,,,0.9575,0.9548,-0.27000001072883606,0.0,0.0
2022-08-06 09:15:00,517,2,shopping,public,retail,0.9548,0.9548,0.0,0.0,0.0
2022-08-06 09:45:00,519,2,driving,,,0.9548,0.9342,-2.059999942779541,0.0,0.0
2022-08-06 10:15:00,521,1,private,public,street,0.9342,0.9342,0.0,0.0,0.0
2022-08-06 10:30:00,522,11,driving,,,0.9342,0.7547,-17.950000762939453,0.0,0.0
2022-08-06 13:15:00,533,20,leisure,public,street,0.7547,0.7547,0.0,0.0,0.0
2022-08-06 18:15:00,553,3,driving,,,0.7547,0.7433,-1.1399999856948853,0.0,0.0
2022-08-06 19:00:00,556,66,private,public,street,0.7433,0.7433,0.0,0.0,0.0
2022-08-07 11:30:00,622,1,driving,,,0.7433,0.7373,-0.6000000238418579,0.0,0.0
2022-08-07 11:45:00,623,5,home,home,home_detached,0.7373,0.8125,7.519999980926514,11.0,6.015600204467773
2022-08-07 13:00:00,628,25,driving,,,0.8125,0.3679,-44.459999084472656,0.0,0.0
2022-08-07 19:15:00,653,19,leisure,public,street,0.3679,0.3679,0.0,0.0,0.0
