timestamp,event_start,event_time,location,use_case,charging_use_case,soc_start,soc_end,energy,station_charging_capacity,average_charging_power
2022-08-01 00:00:00,0,27,home,home,home_detached,1.0,1.0,0.0,11.0,0.0
2022-08-01 06:45:00,27,2,driving,,,1.0,0.9714,-2.86,0.0,0.0
2022-08-01 07:15:00,29,25,work,work,work,0.9714,0.9714,0.0,0.0,0.0
2022-08-01 13:30:00,54,2,driving,,,0.9714,0.9672,-0.42,0.0,0.0
2022-08-01 14:00:00,56,3,shopping,public,retail,0.9672,0.9672,0.0,0.0,0.0
2022-08-01 14:45:00,59,6,driving,,,0.9672,0.9537,-1.35,0.0,0.0
2022-08-01 16:15:00,65,13,private,public,street,0.9537,0.9537,0.0,0.0,0.0
2022-08-01 19:30:00,78,1,driving,,,0.9537,0.9468,-0.69,0.0,0.0
2022-08-01 19:45:00,79,52,home,home,home_detached,0.9468,1.0,5.32,11.0,1.9977
2022-08-02 08:45:00,131,4,driving,,,1.0,0.9752,-2.48,0.0,0.0
2022-08-02 09:45:00,135,2,private,public,street,0.9752,0.9752,0.0,0.0,0.0
2022-08-02 10:15:00,137,1,driving,,,0.9752,0.9741,-0.11,0.0,0.0
2022-08-02 10:30:00,138,5,shopping,public,retail,0.9741,0.9741,0.0,0.0,0.0
2022-08-02 11:45:00,143,1,driving,,,0.9741,0.9655,-0.86,0.0,0.0
2022-08-02 12:00:00,144,1,private,public,street,0.9655,0.9655,0.0,0.0,0.0
2022-08-02 12:15:00,145,1,driving,,,0.9655,0.9603,-0.52,0.0,0.0
2022-08-02 12:30:00,146,3,shopping,public,retail,0.9603,0.9603,0.0,0.0,0.0
2022-08-02 13:15:00,149,40,driving,,,0.9603,0.539,-42.13,0.0,0.0
2022-08-02 23:15:00,189,29,leisure,public,street,0.539,0.539,0.0,0.0,0.0
2022-08-03 06:30:00,218,5,driving,,,0.539,0.5229,-1.61,0.0,0.0
2022-08-03 07:45:00,223,27,work,work,work,0.5229,0.5229,0.0,0.0,0.0
2022-08-03 14:30:00,250,3,driving,,,0.5229,0.5055,-1.74,0.0,0.0
2022-08-03 15:15:00,253,99,shopping,public,retail,0.5055,0.5055,0.0,0.0,0.0
2022-08-04 16:00:00,352,1,driving,,,0.5055,0.4953,-1.02,0.0,0.0
2022-08-04 16:15:00,353,25,work,work,work,0.4953,0.4953,0.0,0.0,0.0
2022-08-04 22:30:00,378,1,driving,,,0.4953,0.4879,-0.74,0.0,0.0
2022-08-04 22:45:00,379,31,leisure,public,street,0.4879,0.4879,0.0,0.0,0.0
2022-08-05 06:30:00,410,2,driving,,,0.4879,0.4668,-2.11,0.0,0.0
2022-08-05 07:00:00,412,32,work,work,work,0.4668,0.4668,0.0,0.0,0.0
2022-08-05 15:00:00,444,42,driving,,,0.4668,0.3403,-12.65,0.0,0.0
2022-08-06 01:30:00,486,22,private,public,street,0.3403,0.3403,0.0,0.0,0.0
2022-08-06 07:00:00,508,9,driving,,,0.3403,0.3255,-1.48,0.0,0.0
2022-08-06 09:15:00,517,3,shopping,public,retail,0.3255,0.3255,0.0,0.0,0.0
2022-08-06 10:00:00,520,1,driving,,,0.3255,0.3254,-0.01,0.0,0.0
2022-08-06 10:15:00,521,9,leisure,public,street,0.3254,0.3254,0.0,0.0,0.0
2022-08-06 12:30:00,530,2,driving,,,0.3254,0.3136,-1.18,0.0,0.0
2022-08-06 13:00:00,532,8,shopping,public,retail,0.3136,0.3136,0.0,0.0,0.0
2022-08-06 15:00:00,540,1,driving,,,0.3136,0.3086,-0.5,0.0,0.0
2022-08-06 15:15:00,541,15,private,public,street,0.3086,0.3086,0.0,0.0,0.0
2022-08-06 19:00:00,556,1,driving,,,0.3086,0.303,-0.56,0.0,0.0
2022-08-06 19:15:00,557,58,leisure,public,street,0.303,0.303,0.0,0.0,0.0
2022-08-07 09:45:00,615,6,driving,,,0.303,0.2641,-3.89,0.0,0.0
2022-08-07 11:15:00,621,51,home,home,home_detached,0.2641,1.0,73.59,11.0,5.9133
