timestamp,event_start,event_time,location,use_case,charging_use_case,soc_start,soc_end,energy,station_charging_capacity,average_charging_power
2022-08-01 00:00:00,0,79,home,home,home_detached,0.982,1.0,1.798,11.0,0.09103797468354431
2022-08-01 19:45:00,79,1,driving,,,1.0,0.9953,-0.4699999988079071,0.0,0.0
2022-08-01 20:00:00,80,42,leisure,public,street,0.9953,0.9953,0.0,0.0,0.0
2022-08-02 06:30:00,122,4,driving,,,0.9953,0.9508,-4.449999809265137,0.0,0.0
2022-08-02 07:30:00,126,46,work,work,work,0.9508,0.9508,0.0,0.0,0.0
2022-08-02 19:00:00,172,5,driving,,,0.9508,0.8964,-5.440000057220459,0.0,0.0
2022-08-02 20:15:00,177,42,home,home,home_detached,0.8964,1.0,10.359999656677246,11.0,2.514899969100952
2022-08-03 06:45:00,219,1,driving,,,1.0,0.9881,-1.190000057220459,0.0,0.0
2022-08-03 07:00:00,220,36,work,work,work,0.9881,0.9881,0.0,0.0,0.0
2022-08-03 16:00:00,256,1,driving,,,0.9881,0.9769,-1.1200000047683716,0.0,0.0
2022-08-03 16:15:00,257,56,home,home,home_detached,0.9769,1.0,2.309999942779541,11.0,1.7279000282287598
2022-08-04 06:15:00,313,2,driving,,,1.0,0.9714,-2.859999895095825,0.0,0.0
2022-08-04 06:45:00,315,35,work,work,work,0.9714,0.9714,0.0,0.0,0.0
2022-08-04 15:30:00,350,5,driving,,,0.9714,0.9514,-2.0,0.0,0.0
2022-08-04 16:45:00,355,2,shopping,public,retail,0.9514,0.9514,0.0,0.0,0.0
2022-08-04 17:15:00,357,1,driving,,,0.9514,0.9497,-0.17000000178813934,0.0,0.0
2022-08-04 17:30:00,358,9,home,home,home_detached,0.9497,0.997,4.730000019073486,11.0,2.1054000854492188
2022-08-04 19:45:00,367,1,driving,,,0.997,0.9948,-0.2199999988079071,0.0,0.0
2022-08-04 20:00:00,368,8,private,public,street,0.9948,0.9948,0.0,0.0,0.0
2022-08-04 22:00:00,376,1,driving,,,0.9948,0.9879,-0.6899999976158142,0.0,0.0
2022-08-04 22:15:00,377,30,home,home,home_detached,0.9879,1.0,1.2100000381469727,11.0,1.6308000087738037
2022-08-05 05:45:00,407,6,driving,,,1.0,0.953,-4.699999809265137,0.0,0.0
2022-08-05 07:15:00,413,47,work,work,work,0.953,0.953,0.0,0.0,0.0
2022-08-05 19:00:00,460,1,driving,,,0.953,0.9426,-1.0399999618530273,0.0,0.0
2022-08-05 19:15:00,461,68,home,home,home_detached,0.9426,1.0,5.739999771118164,11.0,2.1208999156951904
2022-08-06 12:15:00,529,2,driving,,,1.0,0.9971,-0.28999999165534973,0.0,0.0
2022-08-06 12:45:00,531,71,private,public,street,0.9971,0.9971,0.0,0.0,0.0
2022-08-07 06:30:00,602,1,driving,,,0.9971,0.9896,-0.75,0.0,0.0
2022-08-07 06:45:00,603,45,leisure,public,street,0.9896,0.9896,0.0,0.0,0.0
2022-08-07 18:00:00,648,2,driving,,,0.9896,0.9578,-3.180000066757202,0.0,0.0
2022-08-07 18:30:00,650,22,private,public,street,0.9578,0.9578,0.0,0.0,0.0
