timestamp,event_start,event_time,location,use_case,charging_use_case,soc_start,soc_end,energy,station_charging_capacity,average_charging_power
2022-08-01 00:00:00,0,28,home,home,home_detached,1.0,1.0,0.0,11.0,0.0
2022-08-01 07:00:00,28,1,driving,,,1.0,0.9899,-1.01,0.0,0.0
2022-08-01 07:15:00,29,35,school,public,street,0.9899,0.9899,0.0,0.0,0.0
2022-08-01 16:00:00,64,1,driving,,,0.9899,0.9849,-0.5,0.0,0.0
2022-08-01 16:15:00,65,1,private,public,street,0.9849,0.9849,0.0,0.0,0.0
2022-08-01 16:30:00,66,2,driving,,,0.9849,0.9765,-0.84,0.0,0.0
2022-08-01 17:00:00,68,11,leisure,public,street,0.9765,0.9765,0.0,0.0,0.0
2022-08-01 19:45:00,79,7,driving,,,0.9765,0.9256,-5.09,0.0,0.0
2022-08-01 21:30:00,86,31,home,home,home_detached,0.9256,1.0,7.44,11.0,2.2954
2022-08-02 05:15:00,117,1,driving,,,1.0,0.9898,-1.02,0.0,0.0
2022-08-02 05:30:00,118,18,work,work,work,0.9898,0.9898,0.0,0.0,0.0
2022-08-02 10:00:00,136,2,driving,,,0.9898,0.9691,-2.07,0.0,0.0
2022-08-02 10:30:00,138,34,home,home,home_detached,0.9691,1.0,3.09,11.0,1.8375
2022-08-02 19:00:00,172,4,driving,,,1.0,0.9841,-1.59,0.0,0.0
2022-08-02 20:00:00,176,8,shopping,public,retail,0.9841,0.9841,0.0,0.0,0.0
2022-08-02 22:00:00,184,3,driving,,,0.9841,0.9706,-1.35,0.0,0.0
2022-08-02 22:45:00,187,33,work,work,work,0.9706,0.9706,0.0,0.0,0.0
2022-08-03 07:00:00,220,1,driving,,,0.9706,0.9694,-0.12,0.0,0.0
2022-08-03 07:15:00,221,13,school,public,street,0.9694,0.9694,0.0,0.0,0.0
2022-08-03 10:30:00,234,1,driving,,,0.9694,0.9694,0.0,0.0,0.0
2022-08-03 10:45:00,235,50,leisure,public,street,0.9694,0.9694,0.0,0.0,0.0
2022-08-03 23:15:00,285,1,driving,,,0.9694,0.9625,-0.69,0.0,0.0
2022-08-03 23:30:00,286,127,home,home,home_detached,0.9625,1.0,3.75,11.0,1.916
2022-08-05 07:15:00,413,18,driving,,,1.0,0.5165,-48.35,0.0,0.0
2022-08-05 11:45:00,431,29,work,work,work,0.5165,0.5165,0.0,0.0,0.0
2022-08-05 19:00:00,460,4,driving,,,0.5165,0.4997,-1.68,0.0,0.0
2022-08-05 20:00:00,464,10,leisure,public,street,0.4997,0.4997,0.0,0.0,0.0
2022-08-05 22:30:00,474,9,driving,,,0.4997,0.4316,-6.81,0.0,0.0
2022-08-06 00:45:00,483,131,home,home,home_detached,0.4316,1.0,56.84,11.0,5.2896
2022-08-07 09:30:00,614,2,driving,,,1.0,0.9703,-2.97,0.0,0.0
2022-08-07 10:00:00,616,23,private,public,street,0.9703,0.9703,0.0,0.0,0.0
2022-08-07 15:45:00,639,1,driving,,,0.9703,0.9676,-0.27,0.0,0.0
2022-08-07 16:00:00,640,32,home,home,home_detached,0.9676,1.0,3.24,11.0,1.8654
