timestamp,event_start,event_time,location,use_case,charging_use_case,soc_start,soc_end,energy,station_charging_capacity,average_charging_power
2022-08-01 00:00:00,0,120,home,home,home_detached,0.9801,1.0,1.9933,11.0,0.06644333333333334
2022-08-02 06:00:00,120,1,driving,,,1.0,0.9898,-1.0199999809265137,0.0,0.0
2022-08-02 06:15:00,121,39,work,work,work,0.9898,0.9898,0.0,0.0,0.0
2022-08-02 16:00:00,160,4,driving,,,0.9898,0.9243,-6.550000190734863,0.0,0.0
2022-08-02 17:00:00,164,54,home,home,home_detached,0.9243,1.0,7.570000171661377,11.0,2.159600019454956
2022-08-03 06:30:00,218,1,driving,,,1.0,0.9932,-0.6800000071525574,0.0,0.0
2022-08-03 06:45:00,219,43,work,work,work,0.9932,0.9932,0.0,0.0,0.0
2022-08-03 17:30:00,262,1,driving,,,0.9932,0.99,-0.3199999928474426,0.0,0.0
2022-08-03 17:45:00,263,1,shopping,public,retail,0.99,0.99,0.0,0.0,0.0
2022-08-03 18:00:00,264,2,driving,,,0.99,0.9675,-2.25,0.0,0.0
2022-08-03 18:30:00,266,67,home,home,home_detached,0.9675,1.0,3.25,11.0,1.8184000253677368
2022-08-04 11:15:00,333,1,driving,,,1.0,0.9897,-1.0299999713897705,0.0,0.0
2022-08-04 11:30:00,334,4,shopping,public,retail,0.9897,0.9897,0.0,0.0,0.0
2022-08-04 12:30:00,338,2,driving,,,0.9897,0.9826,-0.7099999785423279,0.0,0.0
2022-08-04 13:00:00,340,12,private,public,street,0.9826,0.9826,0.0,0.0,0.0
2022-08-04 16:00:00,352,3,driving,,,0.9826,0.9696,-1.2999999523162842,0.0,0.0
2022-08-04 16:45:00,355,93,home,home,home_detached,0.9696,1.0,3.0399999618530273,11.0,1.8277000188827515
2022-08-05 16:00:00,448,3,driving,,,1.0,0.9823,-1.7699999809265137,0.0,0.0
2022-08-05 16:45:00,451,89,leisure,public,street,0.9823,0.9823,0.0,0.0,0.0
2022-08-06 15:00:00,540,1,driving,,,0.9823,0.9791,-0.3199999928474426,0.0,0.0
2022-08-06 15:15:00,541,3,shopping,public,retail,0.9791,0.9791,0.0,0.0,0.0
2022-08-06 16:00:00,544,2,driving,,,0.9791,0.954,-2.509999990463257,0.0,0.0
2022-08-06 16:30:00,546,24,leisure,public,street,0.954,0.954,0.0,0.0,0.0
2022-08-06 22:30:00,570,35,driving,,,0.954,0.8281,-12.59000015258789,0.0,0.0
2022-08-07 07:15:00,605,67,home,home,home_detached,0.8281,1.0,17.190000534057617,11.0,3.053299903869629
