timestamp,event_start,event_time,location,use_case,charging_use_case,soc_start,soc_end,energy,station_charging_capacity,average_charging_power
2022-08-01 00:00:00,0,67,home,home,home_detached,0.9277,1.0,5.0615,11.0,0.3021791044776119
2022-08-01 16:45:00,67,3,driving,,,1.0,0.9702,-2.0859999656677246,0.0,0.0
2022-08-01 17:30:00,70,16,private,public,street,0.9702,0.9702,0.0,0.0,0.0
2022-08-01 21:30:00,86,1,driving,,,0.9702,0.9685,-0.11900000274181366,0.0,0.0
2022-08-01 21:45:00,87,33,home,home,home_detached,0.9685,1.0,2.2049999237060547,11.0,1.8425999879837036
2022-08-02 06:00:00,120,2,driving,,,1.0,0.9827,-1.2109999656677246,0.0,0.0
2022-08-02 06:30:00,122,30,work,work,work,0.9827,0.9827,0.0,0.0,0.0
2022-08-02 14:00:00,152,1,driving,,,0.9827,0.971,-0.8190000057220459,0.0,0.0
2022-08-02 14:15:00,153,8,leisure,public,street,0.971,0.971,0.0,0.0,0.0
2022-08-02 16:15:00,161,1,driving,,,0.971,0.9632,-0.5460000038146973,0.0,0.0
2022-08-02 16:30:00,162,2,shopping,public,retail,0.9632,0.9632,0.0,0.0,0.0
2022-08-02 17:00:00,164,1,driving,,,0.9632,0.9494,-0.9660000205039978,0.0,0.0
2022-08-02 17:15:00,165,7,private,public,street,0.9494,0.9494,0.0,0.0,0.0
2022-08-02 19:00:00,172,1,driving,,,0.9494,0.9245,-1.7430000305175781,0.0,0.0
2022-08-02 19:15:00,173,11,leisure,public,street,0.9245,0.9245,0.0,0.0,0.0
2022-08-02 22:00:00,184,4,driving,,,0.9245,0.8695,-3.8499999046325684,0.0,0.0
2022-08-02 23:00:00,188,48,home,home,home_detached,0.8695,1.0,9.135000228881836,11.0,2.71370005607605
2022-08-03 11:00:00,236,5,driving,,,1.0,0.9524,-3.3320000171661377,0.0,0.0
2022-08-03 12:15:00,241,23,business,public,street,0.9524,0.9524,0.0,0.0,0.0
2022-08-03 18:00:00,264,6,driving,,,0.9524,0.9041,-3.38100004196167,0.0,0.0
2022-08-03 19:30:00,270,2,private,public,street,0.9041,0.9041,0.0,0.0,0.0
2022-08-03 20:00:00,272,2,driving,,,0.9041,0.8608,-3.0309998989105225,0.0,0.0
2022-08-03 20:30:00,274,73,home,home,home_detached,0.8608,1.0,9.744000434875488,11.0,2.825700044631958
2022-08-04 14:45:00,347,19,driving,,,1.0,0.722,-19.459999084472656,0.0,0.0
2022-08-04 19:30:00,366,39,business,public,street,0.722,0.722,0.0,0.0,0.0
2022-08-05 05:15:00,405,3,driving,,,0.722,0.6905,-2.2049999237060547,0.0,0.0
2022-08-05 06:00:00,408,37,work,work,work,0.6905,0.6905,0.0,0.0,0.0
2022-08-05 15:15:00,445,1,driving,,,0.6905,0.6872,-0.23100000619888306,0.0,0.0
2022-08-05 15:30:00,446,4,shopping,public,retail,0.6872,0.6872,0.0,0.0,0.0
2022-08-05 16:30:00,450,1,driving,,,0.6872,0.6821,-0.3569999933242798,0.0,0.0
2022-08-05 16:45:00,451,56,home,home,home_detached,0.6821,1.0,22.253000259399414,11.0,3.4979000091552734
2022-08-06 06:45:00,507,1,driving,,,1.0,0.9784,-1.5119999647140503,0.0,0.0
2022-08-06 07:00:00,508,8,work,work,work,0.9784,0.9784,0.0,0.0,0.0
2022-08-06 09:00:00,516,6,driving,,,0.9784,0.9186,-4.185999870300293,0.0,0.0
2022-08-06 10:30:00,522,8,business,public,street,0.9186,0.9186,0.0,0.0,0.0
2022-08-06 12:30:00,530,1,driving,,,0.9186,0.916,-0.18199999630451202,0.0,0.0
2022-08-06 12:45:00,531,3,shopping,public,retail,0.916,0.916,0.0,0.0,0.0
2022-08-06 13:30:00,534,1,driving,,,0.916,0.9159,-0.007000000216066837,0.0,0.0
2022-08-06 13:45:00,535,4,home,home,home_detached,0.9159,0.9588,3.003000020980835,11.0,3.001199960708618
2022-08-06 14:45:00,539,1,driving,,,0.9588,0.9578,-0.07000000029802322,0.0,0.0
2022-08-06 15:00:00,540,1,shopping,public,retail,0.9578,0.9578,0.0,0.0,0.0
2022-08-06 15:15:00,541,1,driving,,,0.9578,0.9477,-0.7070000171661377,0.0,0.0
2022-08-06 15:30:00,542,75,home,home,home_detached,0.9477,1.0,3.6610000133514404,11.0,2.016200065612793
2022-08-07 10:15:00,617,1,driving,,,1.0,0.9974,-0.18199999630451202,0.0,0.0
2022-08-07 10:30:00,618,14,private,public,street,0.9974,0.9974,0.0,0.0,0.0
2022-08-07 14:00:00,632,2,driving,,,0.9974,0.9807,-1.1690000295639038,0.0,0.0
2022-08-07 14:30:00,634,38,home,home,home_detached,0.9807,1.0,1.3509999513626099,11.0,1.67330002784729
