timestamp,event_start,event_time,location,use_case,charging_use_case,soc_start,soc_end,energy,station_charging_capacity,average_charging_power
2022-08-01 00:00:00,0,49,home,home,home_detached,0.9552,1.0,3.1355,11.0,0.25595918367346937
2022-08-01 12:15:00,49,2,driving,,,1.0,0.9838,-1.1339999437332153,0.0,0.0
2022-08-01 12:45:00,51,92,private,public,street,0.9838,0.9838,0.0,0.0,0.0
2022-08-02 11:45:00,143,2,driving,,,0.9838,0.9767,-0.4970000088214874,0.0,0.0
2022-08-02 12:15:00,145,5,shopping,public,retail,0.9767,0.9767,0.0,0.0,0.0
2022-08-02 13:30:00,150,2,driving,,,0.9767,0.9683,-0.5879999995231628,0.0,0.0
2022-08-02 14:00:00,152,8,home,home,home_detached,0.9683,1.0,2.2190001010894775,11.0,1.8453999757766724
2022-08-02 16:00:00,160,1,driving,,,1.0,0.9949,-0.3569999933242798,0.0,0.0
2022-08-02 16:15:00,161,3,private,public,street,0.9949,0.9949,0.0,0.0,0.0
2022-08-02 17:00:00,164,3,driving,,,0.9949,0.8851,-7.685999870300293,0.0,0.0
2022-08-02 17:45:00,167,51,home,home,home_detached,0.8851,1.0,8.043000221252441,11.0,2.5866000652313232
2022-08-03 06:30:00,218,1,driving,,,1.0,0.9784,-1.5119999647140503,0.0,0.0
2022-08-03 06:45:00,219,27,work,work,work,0.9784,0.9784,0.0,0.0,0.0
2022-08-03 13:30:00,246,1,driving,,,0.9784,0.969,-0.6579999923706055,0.0,0.0
2022-08-03 13:45:00,247,3,shopping,public,retail,0.969,0.969,0.0,0.0,0.0
2022-08-03 14:30:00,250,9,driving,,,0.969,0.7927,-12.340999603271484,0.0,0.0
2022-08-03 16:45:00,259,71,home,home,home_detached,0.7927,1.0,14.51099967956543,11.0,3.294300079345703
2022-08-04 10:30:00,330,4,driving,,,1.0,0.9557,-3.1010000705718994,0.0,0.0
2022-08-04 11:30:00,334,8,shopping,public,retail,0.9557,0.9557,0.0,0.0,0.0
2022-08-04 13:30:00,342,1,driving,,,0.9557,0.9523,-0.23800000548362732,0.0,0.0
2022-08-04 13:45:00,343,73,home,home,home_detached,0.9523,1.0,3.3389999866485596,11.0,2.0039000511169434
2022-08-05 08:00:00,416,3,driving,,,1.0,0.9814,-1.3020000457763672,0.0,0.0
2022-08-05 08:45:00,419,27,private,public,street,0.9814,0.9814,0.0,0.0,0.0
2022-08-05 15:30:00,446,1,driving,,,0.9814,0.9763,-0.3569999933242798,0.0,0.0
2022-08-05 15:45:00,447,63,home,home,home_detached,0.9763,1.0,1.659000039100647,11.0,1.7552000284194946
2022-08-06 07:30:00,510,1,driving,,,1.0,0.996,-0.2800000011920929,0.0,0.0
2022-08-06 07:45:00,511,14,shopping,public,retail,0.996,0.996,0.0,0.0,0.0
2022-08-06 11:15:00,525,1,driving,,,0.996,0.9835,-0.875,0.0,0.0
2022-08-06 11:30:00,526,84,private,public,street,0.9835,0.9835,0.0,0.0,0.0
2022-08-07 08:30:00,610,2,driving,,,0.9835,0.9699,-0.9520000219345093,0.0,0.0
2022-08-07 09:00:00,612,17,leisure,public,street,0.9699,0.9699,0.0,0.0,0.0
2022-08-07 13:15:00,629,5,driving,,,0.9699,0.8734,-6.755000114440918,0.0,0.0
2022-08-07 14:30:00,634,38,home,home,home_detached,0.8734,1.0,8.862000465393066,11.0,2.743000030517578
