timestamp,event_start,event_time,location,use_case,charging_use_case,soc_start,soc_end,energy,station_charging_capacity,average_charging_power
2022-08-01 00:00:00,0,44,home,home,home_detached,1.0,1.0,0.0,11.0,0.0
2022-08-01 11:00:00,44,8,driving,,,1.0,0.9774,-2.26,0.0,0.0
2022-08-01 13:00:00,52,4,shopping,public,retail,0.9774,0.9774,0.0,0.0,0.0
2022-08-01 14:00:00,56,4,driving,,,0.9774,0.9561,-2.13,0.0,0.0
2022-08-01 15:00:00,60,24,work,work,work,0.9561,0.9561,0.0,0.0,0.0
2022-08-01 21:00:00,84,2,driving,,,0.9561,0.9192,-3.69,0.0,0.0
2022-08-01 21:30:00,86,58,home,home,home_detached,0.9192,1.0,8.08,11.0,2.3407
2022-08-02 12:00:00,144,1,driving,,,1.0,0.9842,-1.58,0.0,0.0
2022-08-02 12:15:00,145,7,leisure,public,street,0.9842,0.9842,0.0,0.0,0.0
2022-08-02 14:00:00,152,2,driving,,,0.9842,0.9623,-2.19,0.0,0.0
2022-08-02 14:30:00,154,87,home,home,home_detached,0.9623,1.0,3.77,11.0,1.9184
2022-08-03 12:15:00,241,3,driving,,,1.0,0.9792,-2.08,0.0,0.0
2022-08-03 13:00:00,244,66,shopping,public,retail,0.9792,0.9792,0.0,0.0,0.0
2022-08-04 05:30:00,310,1,driving,,,0.9792,0.9673,-1.19,0.0,0.0
2022-08-04 05:45:00,311,13,work,work,work,0.9673,0.9673,0.0,0.0,0.0
2022-08-04 09:00:00,324,1,driving,,,0.9673,0.964,-0.33,0.0,0.0
2022-08-04 09:15:00,325,9,leisure,public,street,0.964,0.964,0.0,0.0,0.0
2022-08-04 11:30:00,334,1,driving,,,0.964,0.9544,-0.96,0.0,0.0
2022-08-04 11:45:00,335,98,home,home,home_detached,0.9544,1.0,4.56,11.0,1.9676
2022-08-05 12:15:00,433,1,driving,,,1.0,0.9686,-3.14,0.0,0.0
2022-08-05 12:30:00,434,6,leisure,public,street,0.9686,0.9686,0.0,0.0,0.0
2022-08-05 14:00:00,440,1,driving,,,0.9686,0.9658,-0.28,0.0,0.0
2022-08-05 14:15:00,441,69,home,home,home_detached,0.9658,1.0,3.42,11.0,1.8082
2022-08-06 07:30:00,510,1,driving,,,1.0,0.9923,-0.77,0.0,0.0
2022-08-06 07:45:00,511,9,shopping,public,retail,0.9923,0.9923,0.0,0.0,0.0
2022-08-06 10:00:00,520,11,driving,,,0.9923,0.9345,-5.78,0.0,0.0
2022-08-06 12:45:00,531,82,private,public,street,0.9345,0.9345,0.0,0.0,0.0
2022-08-07 09:15:00,613,6,driving,,,0.9345,0.7941,-14.04,0.0,0.0
2022-08-07 10:45:00,619,9,leisure,public,street,0.7941,0.7941,0.0,0.0,0.0
2022-08-07 13:00:00,628,8,driving,,,0.7941,0.7241,-7.0,0.0,0.0
2022-08-07 15:00:00,636,10,private,public,street,0.7241,0.7241,0.0,0.0,0.0
2022-08-07 17:30:00,646,1,driving,,,0.7241,0.7208,-0.33,0.0,0.0
2022-08-07 17:45:00,647,9,leisure,public,street,0.7208,0.7208,0.0,0.0,0.0
2022-08-07 20:00:00,656,1,driving,,,0.7208,0.7207,-0.01,0.0,0.0
2022-08-07 20:15:00,657,15,home,home,home_detached,0.7207,0.9136,19.29,11.0,5.1447
