timestamp,event_start,event_time,location,use_case,charging_use_case,soc_start,soc_end,energy,station_charging_capacity,average_charging_power
2022-08-01 00:00:00,0,28,home,home,home_detached,1.0,1.0,0.0,11.0,0.0
2022-08-01 07:00:00,28,3,driving,,,1.0,0.9842,-1.58,0.0,0.0
2022-08-01 07:45:00,31,90,leisure,public,street,0.9842,0.9842,0.0,0.0,0.0
2022-08-02 06:15:00,121,1,driving,,,0.9842,0.9723,-1.19,0.0,0.0
2022-08-02 06:30:00,122,21,work,work,work,0.9723,0.9723,0.0,0.0,0.0
2022-08-02 11:45:00,143,1,driving,,,0.9723,0.9709,-0.14,0.0,0.0
2022-08-02 12:00:00,144,89,home,home,home_detached,0.9709,1.0,2.91,11.0,1.7596
2022-08-03 10:15:00,233,1,driving,,,1.0,0.9877,-1.23,0.0,0.0
2022-08-03 10:30:00,234,17,private,public,street,0.9877,0.9877,0.0,0.0,0.0
2022-08-03 14:45:00,251,1,driving,,,0.9877,0.9849,-0.28,0.0,0.0
2022-08-03 15:00:00,252,95,home,home,home_detached,0.9849,1.0,1.51,11.0,1.6152
2022-08-04 14:45:00,347,2,driving,,,1.0,0.9928,-0.72,0.0,0.0
2022-08-04 15:15:00,349,17,work,work,work,0.9928,0.9928,0.0,0.0,0.0
2022-08-04 19:30:00,366,2,driving,,,0.9928,0.9734,-1.94,0.0,0.0
2022-08-04 20:00:00,368,2,private,public,street,0.9734,0.9734,0.0,0.0,0.0
2022-08-04 20:30:00,370,1,driving,,,0.9734,0.9679,-0.55,0.0,0.0
2022-08-04 20:45:00,371,62,home,home,home_detached,0.9679,1.0,3.21,11.0,1.8603
2022-08-05 12:15:00,433,1,driving,,,1.0,0.9998,-0.02,0.0,0.0
2022-08-05 12:30:00,434,10,leisure,public,street,0.9998,0.9998,0.0,0.0,0.0
2022-08-05 15:00:00,444,1,driving,,,0.9998,0.997,-0.28,0.0,0.0
2022-08-05 15:15:00,445,69,home,home,home_detached,0.997,1.0,0.3,11.0,1.5092
2022-08-06 08:30:00,514,2,driving,,,1.0,0.9923,-0.77,0.0,0.0
2022-08-06 09:00:00,516,4,shopping,public,retail,0.9923,0.9923,0.0,0.0,0.0
2022-08-06 10:00:00,520,38,driving,,,0.9923,0.6051,-38.72,0.0,0.0
2022-08-06 19:30:00,558,49,home,home,home_detached,0.6051,1.0,39.49,11.0,4.427
2022-08-07 07:45:00,607,2,driving,,,1.0,0.964,-3.6,0.0,0.0
2022-08-07 08:15:00,609,13,leisure,public,street,0.964,0.964,0.0,0.0,0.0
2022-08-07 11:30:00,622,1,driving,,,0.964,0.9619,-0.21,0.0,0.0
2022-08-07 11:45:00,623,7,shopping,public,retail,0.9619,0.9619,0.0,0.0,0.0
2022-08-07 13:30:00,630,1,driving,,,0.9619,0.9537,-0.82,0.0,0.0
2022-08-07 13:45:00,631,4,private,public,street,0.9537,0.9537,0.0,0.0,0.0
2022-08-07 14:45:00,635,2,driving,,,0.9537,0.9359,-1.78,0.0,0.0
2022-08-07 15:15:00,637,3,home,home,home_detached,0.9359,0.957,2.11,11.0,2.8107
2022-08-07 16:00:00,640,3,driving,,,0.957,0.9437,-1.33,0.0,0.0
2022-08-07 16:45:00,643,5,private,public,street,0.9437,0.9437,0.0,0.0,0.0
2022-08-07 18:00:00,648,1,driving,,,0.9437,0.9341,-0.96,0.0,0.0
2022-08-07 18:15:00,649,23,home,home,home_detached,0.9341,1.0,6.59,11.0,2.1054
