timestamp,event_start,event_time,location,use_case,charging_use_case,soc_start,soc_end,energy,station_charging_capacity,average_charging_power
2022-08-01 00:00:00,0,39,home,home,home_detached,1.0,1.0,0.0,11.0,0.0
2022-08-01 09:45:00,39,2,driving,,,1.0,0.9948,-0.52,0.0,0.0
2022-08-01 10:15:00,41,3,private,public,street,0.9948,0.9948,0.0,0.0,0.0
2022-08-01 11:00:00,44,2,driving,,,0.9948,0.989,-0.58,0.0,0.0
2022-08-01 11:30:00,46,2,shopping,public,retail,0.989,0.989,0.0,0.0,0.0
2022-08-01 12:00:00,48,1,driving,,,0.989,0.9873,-0.17,0.0,0.0
2022-08-01 12:15:00,49,15,leisure,public,street,0.9873,0.9873,0.0,0.0,0.0
2022-08-01 16:00:00,64,1,driving,,,0.9873,0.9776,-0.97,0.0,0.0
2022-08-01 16:15:00,65,9,home,home,home_detached,0.9776,1.0,2.24,11.0,1.718
2022-08-01 18:30:00,74,4,driving,,,1.0,0.9577,-4.23,0.0,0.0
2022-08-01 19:30:00,78,49,leisure,public,street,0.9577,0.9577,0.0,0.0,0.0
2022-08-02 07:45:00,127,1,driving,,,0.9577,0.9518,-0.59,0.0,0.0
2022-08-02 08:00:00,128,28,school,public,street,0.9518,0.9518,0.0,0.0,0.0
2022-08-02 15:00:00,156,2,driving,,,0.9518,0.8877,-6.41,0.0,0.0
2022-08-02 15:30:00,158,74,leisure,public,street,0.8877,0.8877,0.0,0.0,0.0
2022-08-03 10:00:00,232,1,driving,,,0.8877,0.8707,-1.7,0.0,0.0
2022-08-03 10:15:00,233,8,shopping,public,retail,0.8707,0.8707,0.0,0.0,0.0
2022-08-03 12:15:00,241,1,driving,,,0.8707,0.8686,-0.21,0.0,0.0
2022-08-03 12:30:00,242,8,private,public,street,0.8686,0.8686,0.0,0.0,0.0
2022-08-03 14:30:00,250,1,driving,,,0.8686,0.8521,-1.65,0.0,0.0
2022-08-03 14:45:00,251,9,home,home,home_detached,0.8521,0.9388,8.67,11.0,3.8545
2022-08-03 17:00:00,260,1,driving,,,0.9388,0.9293,-0.95,0.0,0.0
2022-08-03 17:15:00,261,2,shopping,public,retail,0.9293,0.9293,0.0,0.0,0.0
2022-08-03 17:45:00,263,2,driving,,,0.9293,0.9142,-1.51,0.0,0.0
2022-08-03 18:15:00,265,52,home,home,home_detached,0.9142,1.0,8.58,11.0,2.3641
2022-08-04 07:15:00,317,1,driving,,,1.0,0.9893,-1.07,0.0,0.0
2022-08-04 07:30:00,318,40,work,work,work,0.9893,0.9893,0.0,0.0,0.0
2022-08-04 17:30:00,358,2,driving,,,0.9893,0.9828,-0.65,0.0,0.0
2022-08-04 18:00:00,360,6,shopping,public,retail,0.9828,0.9828,0.0,0.0,0.0
2022-08-04 19:30:00,366,2,driving,,,0.9828,0.9645,-1.83,0.0,0.0
2022-08-04 20:00:00,368,6,private,public,street,0.9645,0.9645,0.0,0.0,0.0
2022-08-04 21:30:00,374,1,driving,,,0.9645,0.9644,-0.01,0.0,0.0
2022-08-04 21:45:00,375,64,home,home,home_detached,0.9644,1.0,3.56,11.0,1.8317
2022-08-05 13:45:00,439,4,driving,,,1.0,0.9595,-4.05,0.0,0.0
2022-08-05 14:45:00,443,2,business,public,street,0.9595,0.9595,0.0,0.0,0.0
2022-08-05 15:15:00,445,10,driving,,,0.9595,0.9244,-3.51,0.0,0.0
2022-08-05 17:45:00,455,4,shopping,public,retail,0.9244,0.9244,0.0,0.0,0.0
2022-08-05 18:45:00,459,1,driving,,,0.9244,0.9203,-0.41,0.0,0.0
2022-08-05 19:00:00,460,46,home,home,home_detached,0.9203,1.0,7.97,11.0,2.2159
2022-08-06 06:30:00,506,1,driving,,,1.0,0.9999,-0.01,0.0,0.0
2022-08-06 06:45:00,507,6,private,public,street,0.9999,0.9999,0.0,0.0,0.0
2022-08-06 08:15:00,513,1,driving,,,0.9999,0.9966,-0.33,0.0,0.0
2022-08-06 08:30:00,514,6,shopping,public,retail,0.9966,0.9966,0.0,0.0,0.0
2022-08-06 10:00:00,520,3,driving,,,0.9966,0.962,-3.46,0.0,0.0
2022-08-06 10:45:00,523,77,private,public,street,0.962,0.962,0.0,0.0,0.0
2022-08-07 06:00:00,600,15,driving,,,0.962,0.9006,-6.14,0.0,0.0
2022-08-07 09:45:00,615,57,home,home,home_detached,0.9006,1.0,9.94,11.0,2.5099
