timestamp,event_start,event_time,location,use_case,charging_use_case,soc_start,soc_end,energy,station_charging_capacity,average_charging_power
2022-08-01 00:00:00,0,31,home,home,home_detached,1.0,1.0,0.0,11.0,0.0
2022-08-01 07:45:00,31,1,driving,,,1.0,0.9882,-1.18,0.0,0.0
2022-08-01 08:00:00,32,4,business,public,street,0.9882,0.9882,0.0,0.0,0.0
2022-08-01 09:00:00,36,6,driving,,,0.9882,0.8929,-9.53,0.0,0.0
2022-08-01 10:30:00,42,14,leisure,public,street,0.8929,0.8929,0.0,0.0,0.0
2022-08-01 14:00:00,56,1,driving,,,0.8929,0.8847,-0.82,0.0,0.0
2022-08-01 14:15:00,57,1,private,public,street,0.8847,0.8847,0.0,0.0,0.0
2022-08-01 14:30:00,58,3,driving,,,0.8847,0.8615,-2.32,0.0,0.0
2022-08-01 15:15:00,61,73,home,home,home_detached,0.8615,1.0,13.85,11.0,2.817
2022-08-02 09:30:00,134,1,driving,,,1.0,0.9936,-0.64,0.0,0.0
2022-08-02 09:45:00,135,3,shopping,public,retail,0.9936,0.9936,0.0,0.0,0.0
2022-08-02 10:30:00,138,1,driving,,,0.9936,0.9799,-1.37,0.0,0.0
2022-08-02 10:45:00,139,75,home,home,home_detached,0.9799,1.0,2.01,11.0,1.7142
2022-08-03 05:30:00,214,3,driving,,,1.0,0.9636,-3.64,0.0,0.0
2022-08-03 06:15:00,217,15,work,work,work,0.9636,0.9636,0.0,0.0,0.0
2022-08-03 10:00:00,232,1,driving,,,0.9636,0.9609,-0.27,0.0,0.0
2022-08-03 10:15:00,233,3,shopping,public,retail,0.9609,0.9609,0.0,0.0,0.0
2022-08-03 11:00:00,236,1,driving,,,0.9609,0.9526,-0.83,0.0,0.0
2022-08-03 11:15:00,237,72,home,home,home_detached,0.9526,1.0,4.74,11.0,1.9978
2022-08-04 05:15:00,309,6,driving,,,1.0,0.9123,-8.77,0.0,0.0
2022-08-04 06:45:00,315,8,business,public,street,0.9123,0.9123,0.0,0.0,0.0
2022-08-04 08:45:00,323,1,driving,,,0.9123,0.9028,-0.95,0.0,0.0
2022-08-04 09:00:00,324,38,work,work,work,0.9028,0.9028,0.0,0.0,0.0
2022-08-04 18:30:00,362,3,driving,,,0.9028,0.8844,-1.84,0.0,0.0
2022-08-04 19:15:00,365,6,private,public,street,0.8844,0.8844,0.0,0.0,0.0
2022-08-04 20:45:00,371,9,driving,,,0.8844,0.853,-3.14,0.0,0.0
2022-08-04 23:00:00,380,63,home,home,home_detached,0.853,1.0,14.7,11.0,2.867
2022-08-05 14:45:00,443,6,driving,,,1.0,0.9655,-3.45,0.0,0.0
2022-08-05 16:15:00,449,1,private,public,street,0.9655,0.9655,0.0,0.0,0.0
2022-08-05 16:30:00,450,4,driving,,,0.9655,0.9263,-3.92,0.0,0.0
2022-08-05 17:30:00,454,62,leisure,public,street,0.9263,0.9263,0.0,0.0,0.0
2022-08-06 09:00:00,516,2,driving,,,0.9263,0.909,-1.73,0.0,0.0
2022-08-06 09:30:00,518,18,private,public,street,0.909,0.909,0.0,0.0,0.0
2022-08-06 14:00:00,536,1,driving,,,0.909,0.9021,-0.69,0.0,0.0
2022-08-06 14:15:00,537,15,home,home,home_detached,0.9021,0.9976,9.55,11.0,2.547
2022-08-06 18:00:00,552,7,driving,,,0.9976,0.9158,-8.18,0.0,0.0
2022-08-06 19:45:00,559,5,shopping,public,retail,0.9158,0.9158,0.0,0.0,0.0
2022-08-06 21:00:00,564,7,driving,,,0.9158,0.8844,-3.14,0.0,0.0
2022-08-06 22:45:00,571,71,home,home,home_detached,0.8844,1.0,11.56,11.0,2.6271
2022-08-07 16:30:00,642,2,driving,,,1.0,0.9908,-0.92,0.0,0.0
2022-08-07 17:00:00,644,4,private,public,street,0.9908,0.9908,0.0,0.0,0.0
2022-08-07 18:00:00,648,2,driving,,,0.9908,0.975,-1.58,0.0,0.0
2022-08-07 18:30:00,650,6,leisure,public,street,0.975,0.975,0.0,0.0,0.0
2022-08-07 20:00:00,656,2,driving,,,0.975,0.9627,-1.23,0.0,0.0
2022-08-07 20:30:00,658,14,home,home,home_detached,0.9627,1.0,3.73,11.0,1.8625
