timestamp,event_start,event_time,location,use_case,charging_use_case,soc_start,soc_end,energy,station_charging_capacity,average_charging_power
2022-08-01 00:00:00,0,31,home,home,home_detached,1.0,1.0,0.0,11.0,0.0
2022-08-01 07:45:00,31,1,driving,,,1.0,0.9999,-0.007,0.0,0.0
2022-08-01 08:00:00,32,3,private,public,street,0.9999,0.9999,0.0,0.0,0.0
2022-08-01 08:45:00,35,4,driving,,,0.9999,0.9366,-4.431,0.0,0.0
2022-08-01 09:45:00,39,5,home,home,home_detached,0.9366,0.981,3.108,11.0,2.4859
2022-08-01 11:00:00,44,2,driving,,,0.981,0.9323,-3.409,0.0,0.0
2022-08-01 11:30:00,46,27,work,work,work,0.9323,0.9323,0.0,0.0,0.0
2022-08-01 18:15:00,73,1,driving,,,0.9323,0.9313,-0.07,0.0,0.0
2022-08-01 18:30:00,74,1,shopping,public,retail,0.9313,0.9313,0.0,0.0,0.0
2022-08-01 18:45:00,75,1,driving,,,0.9313,0.9013,-2.1,0.0,0.0
2022-08-01 19:00:00,76,91,home,home,home_detached,0.9013,1.0,6.909,11.0,2.3564
2022-08-02 17:45:00,167,2,driving,,,1.0,0.9863,-0.959,0.0,0.0
2022-08-02 18:15:00,169,9,private,public,street,0.9863,0.9863,0.0,0.0,0.0
2022-08-02 20:30:00,178,39,driving,,,0.9863,0.7834,-14.203,0.0,0.0
2022-08-03 06:15:00,217,11,home,home,home_detached,0.7834,0.9499,11.655,11.0,4.2389
2022-08-03 09:00:00,228,4,driving,,,0.9499,0.8045,-10.178,0.0,0.0
2022-08-03 10:00:00,232,4,shopping,public,retail,0.8045,0.8045,0.0,0.0,0.0
2022-08-03 11:00:00,236,3,driving,,,0.8045,0.772,-2.275,0.0,0.0
2022-08-03 11:45:00,239,16,leisure,public,street,0.772,0.772,0.0,0.0,0.0
2022-08-03 15:45:00,255,1,driving,,,0.772,0.7719,-0.007,0.0,0.0
2022-08-03 16:00:00,256,54,home,home,home_detached,0.7719,1.0,15.967,11.0,3.4313
2022-08-04 05:30:00,310,1,driving,,,1.0,0.9812,-1.316,0.0,0.0
2022-08-04 05:45:00,311,3,work,work,work,0.9812,0.9812,0.0,0.0,0.0
2022-08-04 06:30:00,314,1,driving,,,0.9812,0.9663,-1.043,0.0,0.0
2022-08-04 06:45:00,315,11,private,public,street,0.9663,0.9663,0.0,0.0,0.0
2022-08-04 09:30:00,326,1,driving,,,0.9663,0.9292,-2.597,0.0,0.0
2022-08-04 09:45:00,327,28,business,public,street,0.9292,0.9292,0.0,0.0,0.0
2022-08-04 16:45:00,355,2,driving,,,0.9292,0.9124,-1.176,0.0,0.0
2022-08-04 17:15:00,357,45,home,home,home_detached,0.9124,1.0,6.132,11.0,2.3543
2022-08-05 04:30:00,402,2,driving,,,1.0,0.9768,-1.624,0.0,0.0
2022-08-05 05:00:00,404,20,business,public,street,0.9768,0.9768,0.0,0.0,0.0
2022-08-05 10:00:00,424,2,driving,,,0.9768,0.9675,-0.651,0.0,0.0
2022-08-05 10:30:00,426,3,shopping,public,retail,0.9675,0.9675,0.0,0.0,0.0
2022-08-05 11:15:00,429,1,driving,,,0.9675,0.9657,-0.126,0.0,0.0
2022-08-05 11:30:00,430,74,home,home,home_detached,0.9657,1.0,2.401,11.0,1.8269
2022-08-06 06:00:00,504,1,driving,,,1.0,0.9827,-1.211,0.0,0.0
2022-08-06 06:15:00,505,21,work,work,work,0.9827,0.9827,0.0,0.0,0.0
2022-08-06 11:30:00,526,3,driving,,,0.9827,0.9443,-2.688,0.0,0.0
2022-08-06 12:15:00,529,82,home,home,home_detached,0.9443,1.0,3.899,11.0,2.071
2022-08-07 08:45:00,611,1,driving,,,1.0,0.9937,-0.441,0.0,0.0
2022-08-07 09:00:00,612,9,shopping,public,retail,0.9937,0.9937,0.0,0.0,0.0
2022-08-07 11:15:00,621,4,driving,,,0.9937,0.9402,-3.745,0.0,0.0
2022-08-07 12:15:00,625,9,leisure,public,street,0.9402,0.9402,0.0,0.0,0.0
2022-08-07 14:30:00,634,1,driving,,,0.9402,0.9315,-0.609,0.0,0.0
2022-08-07 14:45:00,635,2,private,public,street,0.9315,0.9315,0.0,0.0,0.0
2022-08-07 15:15:00,637,35,driving,,,0.9315,0.7103,-15.484,0.0,0.0
