timestamp,event_start,event_time,location,use_case,charging_use_case,soc_start,soc_end,energy,station_charging_capacity,average_charging_power
2022-08-01 00:00:00,0,28,private,public,street,0.9131,0.9131,0.0,0.0,0.0
2022-08-01 07:00:00,28,2,driving,,,0.9131,0.8989,-1.42,0.0,0.0
2022-08-01 07:30:00,30,30,work,work,work,0.8989,0.8989,0.0,0.0,0.0
2022-08-01 15:00:00,60,2,driving,,,0.8989,0.8756,-2.33,0.0,0.0
2022-08-01 15:30:00,62,84,home,home,home_detached,0.8756,1.0,12.44,11.0,2.5179
2022-08-02 12:30:00,146,1,driving,,,1.0,0.9992,-0.08,0.0,0.0
2022-08-02 12:45:00,147,2,shopping,public,retail,0.9992,0.9992,0.0,0.0,0.0
2022-08-02 13:15:00,149,9,driving,,,0.9992,0.9487,-5.05,0.0,0.0
2022-08-02 15:30:00,158,61,home,home,home_detached,0.9487,1.0,5.13,11.0,1.9681
2022-08-03 06:45:00,219,1,driving,,,1.0,0.9823,-1.77,0.0,0.0
2022-08-03 07:00:00,220,22,work,work,work,0.9823,0.9823,0.0,0.0,0.0
2022-08-03 12:30:00,242,1,driving,,,0.9823,0.974,-0.83,0.0,0.0
2022-08-03 12:45:00,243,13,home,home,home_detached,0.974,1.0,2.6,11.0,1.7871
2022-08-03 16:00:00,256,2,driving,,,1.0,0.978,-2.2,0.0,0.0
2022-08-03 16:30:00,258,18,leisure,public,street,0.978,0.978,0.0,0.0,0.0
2022-08-03 21:00:00,276,2,driving,,,0.978,0.9568,-2.12,0.0,0.0
2022-08-03 21:30:00,278,45,work,work,work,0.9568,0.9568,0.0,0.0,0.0
2022-08-04 08:45:00,323,1,driving,,,0.9568,0.9556,-0.12,0.0,0.0
2022-08-04 09:00:00,324,4,private,public,street,0.9556,0.9556,0.0,0.0,0.0
2022-08-04 10:00:00,328,2,driving,,,0.9556,0.9399,-1.57,0.0,0.0
2022-08-04 10:30:00,330,22,leisure,public,street,0.9399,0.9399,0.0,0.0,0.0
2022-08-04 16:00:00,352,8,driving,,,0.9399,0.8553,-8.46,0.0,0.0
2022-08-04 18:00:00,360,48,home,home,home_detached,0.8553,1.0,14.47,11.0,2.8974
2022-08-05 06:00:00,408,1,driving,,,1.0,0.9969,-0.31,0.0,0.0
2022-08-05 06:15:00,409,3,private,public,street,0.9969,0.9969,0.0,0.0,0.0
2022-08-05 07:00:00,412,1,driving,,,0.9969,0.9872,-0.97,0.0,0.0
2022-08-05 07:15:00,413,104,home,home,home_detached,0.9872,1.0,1.28,11.0,1.6079
2022-08-06 09:15:00,517,1,driving,,,1.0,0.9923,-0.77,0.0,0.0
2022-08-06 09:30:00,518,4,shopping,public,retail,0.9923,0.9923,0.0,0.0,0.0
2022-08-06 10:30:00,522,1,driving,,,0.9923,0.9821,-1.02,0.0,0.0
2022-08-06 10:45:00,523,2,private,public,street,0.9821,0.9821,0.0,0.0,0.0
2022-08-06 11:15:00,525,2,driving,,,0.9821,0.9779,-0.42,0.0,0.0
2022-08-06 11:45:00,527,85,home,home,home_detached,0.9779,1.0,2.21,11.0,1.7129
2022-08-07 09:00:00,612,1,driving,,,1.0,0.9904,-0.96,0.0,0.0
2022-08-07 09:15:00,613,16,leisure,public,street,0.9904,0.9904,0.0,0.0,0.0
2022-08-07 13:15:00,629,3,driving,,,0.9904,0.963,-2.74,0.0,0.0
2022-08-07 14:00:00,632,2,private,public,street,0.963,0.963,0.0,0.0,0.0
2022-08-07 14:30:00,634,3,driving,,,0.963,0.9534,-0.96,0.0,0.0
2022-08-07 15:15:00,637,35,home,home,home_detached,0.9534,1.0,4.66,11.0,1.9848
