timestamp,event_start,event_time,location,use_case,charging_use_case,soc_start,soc_end,energy,station_charging_capacity,average_charging_power
2022-08-01 00:00:00,0,29,leisure,public,street,0.963,0.963,0.0,0.0,0.0
2022-08-01 07:15:00,29,1,driving,,,0.963,0.9593,-0.37,0.0,0.0
2022-08-01 07:30:00,30,44,work,work,work,0.9593,0.9593,0.0,0.0,0.0
2022-08-01 18:30:00,74,2,driving,,,0.9593,0.956,-0.33,0.0,0.0
2022-08-01 19:00:00,76,57,leisure,public,street,0.956,0.956,0.0,0.0,0.0
2022-08-02 09:15:00,133,1,driving,,,0.956,0.9511,-0.49,0.0,0.0
2022-08-02 09:30:00,134,50,work,work,work,0.9511,0.9511,0.0,0.0,0.0
2022-08-02 22:00:00,184,2,driving,,,0.9511,0.936,-1.51,0.0,0.0
2022-08-02 22:30:00,186,68,home,home,home_detached,0.936,1.0,6.4,11.0,2.1788
2022-08-03 15:30:00,254,1,driving,,,1.0,0.9873,-1.27,0.0,0.0
2022-08-03 15:45:00,255,75,leisure,public,street,0.9873,0.9873,0.0,0.0,0.0
2022-08-04 10:30:00,330,6,driving,,,0.9873,0.9395,-4.78,0.0,0.0
2022-08-04 12:00:00,336,6,home,home,home_detached,0.9395,0.9771,3.76,11.0,2.5067
2022-08-04 13:30:00,342,3,driving,,,0.9771,0.9512,-2.59,0.0,0.0
2022-08-04 14:15:00,345,69,work,work,work,0.9512,0.9512,0.0,0.0,0.0
2022-08-05 07:30:00,414,7,driving,,,0.9512,0.8944,-5.68,0.0,0.0
2022-08-05 09:15:00,421,2,private,public,street,0.8944,0.8944,0.0,0.0,0.0
2022-08-05 09:45:00,423,1,driving,,,0.8944,0.8886,-0.58,0.0,0.0
2022-08-05 10:00:00,424,3,shopping,public,retail,0.8886,0.8886,0.0,0.0,0.0
2022-08-05 10:45:00,427,2,driving,,,0.8886,0.8804,-0.82,0.0,0.0
2022-08-05 11:15:00,429,11,private,public,street,0.8804,0.8804,0.0,0.0,0.0
2022-08-05 14:00:00,440,2,driving,,,0.8804,0.8428,-3.76,0.0,0.0
2022-08-05 14:30:00,442,66,business,public,street,0.8428,0.8428,0.0,0.0,0.0
2022-08-06 07:00:00,508,2,driving,,,0.8428,0.8344,-0.84,0.0,0.0
2022-08-06 07:30:00,510,58,work,work,work,0.8344,0.8344,0.0,0.0,0.0
2022-08-06 22:00:00,568,8,driving,,,0.8344,0.7689,-6.55,0.0,0.0
2022-08-07 00:00:00,576,52,home,home,home_detached,0.7689,1.0,23.11,11.0,3.4717
2022-08-07 13:00:00,628,1,driving,,,1.0,0.9989,-0.11,0.0,0.0
2022-08-07 13:15:00,629,5,private,public,street,0.9989,0.9989,0.0,0.0,0.0
2022-08-07 14:30:00,634,1,driving,,,0.9989,0.9956,-0.33,0.0,0.0
2022-08-07 14:45:00,635,11,leisure,public,street,0.9956,0.9956,0.0,0.0,0.0
2022-08-07 17:30:00,646,1,driving,,,0.9956,0.9791,-1.65,0.0,0.0
2022-08-07 17:45:00,647,25,home,home,home_detached,0.9791,1.0,2.09,11.0,1.729
