timestamp,event_start,event_time,location,use_case,charging_use_case,soc_start,soc_end,energy,station_charging_capacity,average_charging_power
2022-08-01 00:00:00,0,23,home,home,home_detached,1.0,1.0,0.0,11.0,0.0
2022-08-01 05:45:00,23,6,driving,,,1.0,0.9367,-6.33,0.0,0.0
2022-08-01 07:15:00,29,15,work,work,work,0.9367,0.9367,0.0,0.0,0.0
2022-08-01 11:00:00,44,1,driving,,,0.9367,0.9365,-0.02,0.0,0.0
2022-08-01 11:15:00,45,10,shopping,public,retail,0.9365,0.9365,0.0,0.0,0.0
2022-08-01 13:45:00,55,2,driving,,,0.9365,0.9129,-2.36,0.0,0.0
2022-08-01 14:15:00,57,19,work,work,work,0.9129,0.9129,0.0,0.0,0.0
2022-08-01 19:00:00,76,2,driving,,,0.9129,0.8829,-3.0,0.0,0.0
2022-08-01 19:30:00,78,74,home,home,home_detached,0.8829,1.0,11.71,11.0,2.6477
2022-08-02 14:00:00,152,2,driving,,,1.0,0.9918,-0.82,0.0,0.0
2022-08-02 14:30:00,154,14,private,public,street,0.9918,0.9918,0.0,0.0,0.0
2022-08-02 18:00:00,168,1,driving,,,0.9918,0.9794,-1.24,0.0,0.0
2022-08-02 18:15:00,169,43,home,home,home_detached,0.9794,1.0,2.06,11.0,1.6803
2022-08-03 05:00:00,212,1,driving,,,1.0,0.994,-0.6,0.0,0.0
2022-08-03 05:15:00,213,21,work,work,work,0.994,0.994,0.0,0.0,0.0
2022-08-03 10:30:00,234,2,driving,,,0.994,0.9797,-1.43,0.0,0.0
2022-08-03 11:00:00,236,10,private,public,street,0.9797,0.9797,0.0,0.0,0.0
2022-08-03 13:30:00,246,1,driving,,,0.9797,0.9782,-0.15,0.0,0.0
2022-08-03 13:45:00,247,77,home,home,home_detached,0.9782,1.0,2.18,11.0,1.7478
2022-08-04 09:00:00,324,5,driving,,,1.0,0.9496,-5.04,0.0,0.0
2022-08-04 10:15:00,329,35,work,work,work,0.9496,0.9496,0.0,0.0,0.0
2022-08-04 19:00:00,364,1,driving,,,0.9496,0.9386,-1.1,0.0,0.0
2022-08-04 19:15:00,365,51,home,home,home_detached,0.9386,1.0,6.14,11.0,2.0821
2022-08-05 08:00:00,416,1,driving,,,1.0,0.9973,-0.27,0.0,0.0
2022-08-05 08:15:00,417,25,shopping,public,retail,0.9973,0.9973,0.0,0.0,0.0
2022-08-05 14:30:00,442,2,driving,,,0.9973,0.9877,-0.96,0.0,0.0
2022-08-05 15:00:00,444,68,home,home,home_detached,0.9877,1.0,1.23,11.0,1.596
2022-08-06 08:00:00,512,3,driving,,,1.0,0.9538,-4.62,0.0,0.0
2022-08-06 08:45:00,515,29,business,public,street,0.9538,0.9538,0.0,0.0,0.0
2022-08-06 16:00:00,544,2,driving,,,0.9538,0.9412,-1.26,0.0,0.0
2022-08-06 16:30:00,546,25,leisure,public,street,0.9412,0.9412,0.0,0.0,0.0
2022-08-06 22:45:00,571,2,driving,,,0.9412,0.922,-1.92,0.0,0.0
2022-08-06 23:15:00,573,99,home,home,home_detached,0.922,1.0,7.8,11.0,2.2985
