timestamp,event_start,event_time,location,use_case,charging_use_case,soc_start,soc_end,energy,station_charging_capacity,average_charging_power
2022-08-01 00:00:00,0,28,home,home,home_detached,0.9882,1.0,0.8255,11.0,0.11792857142857142
2022-08-01 07:00:00,28,1,driving,,,1.0,0.9727,-1.9110000133514404,0.0,0.0
2022-08-01 07:15:00,29,37,work,work,work,0.9727,0.9727,0.0,0.0,0.0
2022-08-01 16:30:00,66,1,driving,,,0.9727,0.9626,-0.7070000171661377,0.0,0.0
2022-08-01 16:45:00,67,77,home,home,home_detached,0.9626,1.0,2.618000030517578,11.0,1.8246999979019165
2022-08-02 12:00:00,144,24,driving,,,1.0,0.8744,-8.791999816894531,0.0,0.0
2022-08-02 18:00:00,168,4,leisure,public,street,0.8744,0.8744,0.0,0.0,0.0
2022-08-02 19:00:00,172,5,driving,,,0.8744,0.846,-1.9880000352859497,0.0,0.0
2022-08-02 20:15:00,177,90,home,home,home_detached,0.846,1.0,10.779999732971191,11.0,2.928999900817871
2022-08-03 18:45:00,267,1,driving,,,1.0,0.9789,-1.4769999980926514,0.0,0.0
2022-08-03 19:00:00,268,62,leisure,public,street,0.9789,0.9789,0.0,0.0,0.0
2022-08-04 10:30:00,330,2,driving,,,0.9789,0.9686,-0.7210000157356262,0.0,0.0
2022-08-04 11:00:00,332,26,work,work,work,0.9686,0.9686,0.0,0.0,0.0
2022-08-04 17:30:00,358,2,driving,,,0.9686,0.9549,-0.9589999914169312,0.0,0.0
2022-08-04 18:00:00,360,6,private,public,street,0.9549,0.9549,0.0,0.0,0.0
2022-08-04 19:30:00,366,4,driving,,,0.9549,0.8825,-5.067999839782715,0.0,0.0
2022-08-04 20:30:00,370,9,leisure,public,street,0.8825,0.8825,0.0,0.0,0.0
2022-08-04 22:45:00,379,1,driving,,,0.8825,0.8774,-0.3569999933242798,0.0,0.0
2022-08-04 23:00:00,380,34,home,home,home_detached,0.8774,1.0,8.581999778747559,11.0,2.6893999576568604
2022-08-05 07:30:00,414,2,driving,,,1.0,0.9513,-3.4089999198913574,0.0,0.0
2022-08-05 08:00:00,416,21,work,work,work,0.9513,0.9513,0.0,0.0,0.0
2022-08-05 13:15:00,437,1,driving,,,0.9513,0.9442,-0.4970000088214874,0.0,0.0
2022-08-05 13:30:00,438,7,shopping,public,retail,0.9442,0.9442,0.0,0.0,0.0
2022-08-05 15:15:00,445,35,driving,,,0.9442,0.6897,-17.815000534057617,0.0,0.0
2022-08-06 00:00:00,480,32,private,public,street,0.6897,0.6897,0.0,0.0,0.0
2022-08-06 08:00:00,512,3,driving,,,0.6897,0.6382,-3.6050000190734863,0.0,0.0
2022-08-06 08:45:00,515,3,leisure,public,street,0.6382,0.6382,0.0,0.0,0.0
2022-08-06 09:30:00,518,12,driving,,,0.6382,0.5528,-5.978000164031982,0.0,0.0
2022-08-06 12:30:00,530,2,private,public,street,0.5528,0.5528,0.0,0.0,0.0
2022-08-06 13:00:00,532,22,driving,,,0.5528,0.2703,-19.774999618530273,0.0,0.0
2022-08-06 18:30:00,554,2,hpc,public,highway_fast,0.2703,0.2703,0.0,0.0,0.0
2022-08-06 19:00:00,556,5,driving,,,0.2703,0.2183,-3.640000104904175,0.0,0.0
2022-08-06 20:15:00,561,1,hpc,hpc,highway_fast,0.2183,0.5928,26.21500015258789,350.0,124.61360168457031
2022-08-06 20:30:00,562,3,driving,,,0.5928,0.5376,-3.864000082015991,0.0,0.0
2022-08-06 21:15:00,565,69,leisure,public,street,0.5376,0.5376,0.0,0.0,0.0
2022-08-07 14:30:00,634,1,driving,,,0.5376,0.4782,-4.1579999923706055,0.0,0.0
2022-08-07 14:45:00,635,11,private,public,street,0.4782,0.4782,0.0,0.0,0.0
2022-08-07 17:30:00,646,8,driving,,,0.4782,0.3535,-8.729000091552734,0.0,0.0
2022-08-07 19:30:00,654,18,home,home,home_detached,0.3535,0.8413,34.145999908447266,11.0,7.589399814605713
