timestamp,event_start,event_time,location,use_case,charging_use_case,soc_start,soc_end,energy,station_charging_capacity,average_charging_power
2022-08-01 00:00:00,0,15,driving,,,0.6907,0.5476,-10.0174,0.0,-2.6713066666666667
2022-08-01 03:45:00,15,72,private,public,street,0.5476,0.5476,0.0,0.0,0.0
2022-08-01 21:45:00,87,1,driving,,,0.5476,0.5392,-0.5879999995231628,0.0,0.0
2022-08-01 22:00:00,88,79,home,home,home_detached,0.5392,1.0,32.25600051879883,11.0,4.790299892425537
2022-08-02 17:45:00,167,1,driving,,,1.0,0.9998,-0.014000000432133675,0.0,0.0
2022-08-02 18:00:00,168,5,leisure,public,street,0.9998,0.9998,0.0,0.0,0.0
2022-08-02 19:15:00,173,5,driving,,,0.9998,0.9265,-5.13100004196167,0.0,0.0
2022-08-02 20:30:00,178,45,home,home,home_detached,0.9265,1.0,5.144999980926514,11.0,2.1405999660491943
2022-08-03 07:45:00,223,4,driving,,,1.0,0.9556,-3.1080000400543213,0.0,0.0
2022-08-03 08:45:00,227,17,work,work,work,0.9556,0.9556,0.0,0.0,0.0
2022-08-03 13:00:00,244,27,driving,,,0.9556,0.7277,-15.95300006866455,0.0,0.0
2022-08-03 19:45:00,271,92,home,home,home_detached,0.7277,1.0,19.06100082397461,11.0,3.703900098800659
2022-08-04 18:45:00,363,4,driving,,,1.0,0.9337,-4.640999794006348,0.0,0.0
2022-08-04 19:45:00,367,9,shopping,public,retail,0.9337,0.9337,0.0,0.0,0.0
2022-08-04 22:00:00,376,2,driving,,,0.9337,0.9086,-1.7569999694824219,0.0,0.0
2022-08-04 22:30:00,378,82,home,home,home_detached,0.9086,1.0,6.3979997634887695,11.0,2.2602999210357666
2022-08-05 19:00:00,460,3,driving,,,1.0,0.9724,-1.9320000410079956,0.0,0.0
2022-08-05 19:45:00,463,31,shopping,public,retail,0.9724,0.9724,0.0,0.0,0.0
2022-08-06 03:30:00,494,1,driving,,,0.9724,0.9702,-0.15399999916553497,0.0,0.0
2022-08-06 03:45:00,495,121,leisure,public,street,0.9702,0.9702,0.0,0.0,0.0
2022-08-07 10:00:00,616,1,driving,,,0.9702,0.9677,-0.17499999701976776,0.0,0.0
2022-08-07 10:15:00,617,9,shopping,public,retail,0.9677,0.9677,0.0,0.0,0.0
2022-08-07 12:30:00,626,7,driving,,,0.9677,0.8915,-5.334000110626221,0.0,0.0
2022-08-07 14:15:00,633,11,leisure,public,street,0.8915,0.8915,0.0,0.0,0.0
2022-08-07 17:00:00,644,2,driving,,,0.8915,0.8831,-0.5879999995231628,0.0,0.0
2022-08-07 17:30:00,646,26,home,home,home_detached,0.8831,1.0,8.182999610900879,11.0,2.6136999130249023
