timestamp,event_start,event_time,location,use_case,charging_use_case,soc_start,soc_end,energy,station_charging_capacity,average_charging_power
2022-08-01 00:00:00,0,46,home,home,home_detached,1.0,1.0,0.0,11.0,0.0
2022-08-01 11:30:00,46,1,driving,,,1.0,0.9954,-0.46,0.0,0.0
2022-08-01 11:45:00,47,3,shopping,public,retail,0.9954,0.9954,0.0,0.0,0.0
2022-08-01 12:30:00,50,2,driving,,,0.9954,0.9794,-1.6,0.0,0.0
2022-08-01 13:00:00,52,89,home,home,home_detached,0.9794,1.0,2.06,11.0,1.6809
2022-08-02 11:15:00,141,3,driving,,,1.0,0.9851,-1.49,0.0,0.0
2022-08-02 12:00:00,144,4,private,public,street,0.9851,0.9851,0.0,0.0,0.0
2022-08-02 13:00:00,148,8,driving,,,0.9851,0.9521,-3.3,0.0,0.0
2022-08-02 15:00:00,156,4,shopping,public,retail,0.9521,0.9521,0.0,0.0,0.0
2022-08-02 16:00:00,160,6,driving,,,0.9521,0.9119,-4.02,0.0,0.0
2022-08-02 17:30:00,166,60,home,home,home_detached,0.9119,1.0,8.81,11.0,2.3984
2022-08-03 08:30:00,226,1,driving,,,1.0,0.9939,-0.61,0.0,0.0
2022-08-03 08:45:00,227,3,shopping,public,retail,0.9939,0.9939,0.0,0.0,0.0
2022-08-03 09:30:00,230,2,driving,,,0.9939,0.9579,-3.6,0.0,0.0
2022-08-03 10:00:00,232,12,home,home,home_detached,0.9579,1.0,4.21,11.0,1.9524
2022-08-03 13:00:00,244,2,driving,,,1.0,0.9777,-2.23,0.0,0.0
2022-08-03 13:30:00,246,2,private,public,street,0.9777,0.9777,0.0,0.0,0.0
2022-08-03 14:00:00,248,4,driving,,,0.9777,0.9681,-0.96,0.0,0.0
2022-08-03 15:00:00,252,72,home,home,home_detached,0.9681,1.0,3.19,11.0,1.857
2022-08-04 09:00:00,324,2,driving,,,1.0,0.9944,-0.56,0.0,0.0
2022-08-04 09:30:00,326,4,shopping,public,retail,0.9944,0.9944,0.0,0.0,0.0
2022-08-04 10:30:00,330,4,driving,,,0.9944,0.9457,-4.87,0.0,0.0
2022-08-04 11:30:00,334,79,home,home,home_detached,0.9457,1.0,5.43,11.0,2.068
2022-08-05 07:15:00,413,1,driving,,,1.0,0.9977,-0.23,0.0,0.0
2022-08-05 07:30:00,414,2,private,public,street,0.9977,0.9977,0.0,0.0,0.0
2022-08-05 08:00:00,416,2,driving,,,0.9977,0.968,-2.97,0.0,0.0
2022-08-05 08:30:00,418,14,work,work,work,0.968,0.968,0.0,0.0,0.0
2022-08-05 12:00:00,432,1,driving,,,0.968,0.9594,-0.86,0.0,0.0
2022-08-05 12:15:00,433,1,home,home,home_detached,0.9594,0.9655,0.61,11.0,2.4308
2022-08-05 12:30:00,434,2,driving,,,0.9655,0.939,-2.65,0.0,0.0
2022-08-05 13:00:00,436,1,private,public,street,0.939,0.939,0.0,0.0,0.0
2022-08-05 13:15:00,437,7,driving,,,0.939,0.913,-2.6,0.0,0.0
2022-08-05 15:00:00,444,3,leisure,public,street,0.913,0.913,0.0,0.0,0.0
2022-08-05 15:45:00,447,3,driving,,,0.913,0.8927,-2.03,0.0,0.0
2022-08-05 16:30:00,450,2,shopping,public,retail,0.8927,0.8927,0.0,0.0,0.0
2022-08-05 17:00:00,452,1,driving,,,0.8927,0.8862,-0.65,0.0,0.0
2022-08-05 17:15:00,453,56,home,home,home_detached,0.8862,1.0,11.38,11.0,2.6024
2022-08-06 07:15:00,509,2,driving,,,1.0,0.9639,-3.61,0.0,0.0
2022-08-06 07:45:00,511,43,work,work,work,0.9639,0.9639,0.0,0.0,0.0
2022-08-06 18:30:00,554,3,driving,,,0.9639,0.9364,-2.75,0.0,0.0
2022-08-06 19:15:00,557,56,home,home,home_detached,0.9364,1.0,6.36,11.0,2.0711
2022-08-07 09:15:00,613,2,driving,,,1.0,0.9923,-0.77,0.0,0.0
2022-08-07 09:45:00,615,57,shopping,public,retail,0.9923,0.9923,0.0,0.0,0.0
