timestamp,event_start,event_time,location,use_case,charging_use_case,soc_start,soc_end,energy,station_charging_capacity,average_charging_power
2022-08-01 00:00:00,0,26,home,home,home_detached,1.0,1.0,0.0,11.0,0.0
2022-08-01 06:30:00,26,1,driving,,,1.0,0.9861,-1.39,0.0,0.0
2022-08-01 06:45:00,27,14,school,public,street,0.9861,0.9861,0.0,0.0,0.0
2022-08-01 10:15:00,41,2,driving,,,0.9861,0.9653,-2.08,0.0,0.0
2022-08-01 10:45:00,43,3,shopping,public,retail,0.9653,0.9653,0.0,0.0,0.0
2022-08-01 11:30:00,46,4,driving,,,0.9653,0.9187,-4.66,0.0,0.0
2022-08-01 12:30:00,50,2,business,public,street,0.9187,0.9187,0.0,0.0,0.0
2022-08-01 13:00:00,52,1,driving,,,0.9187,0.9143,-0.44,0.0,0.0
2022-08-01 13:15:00,53,65,home,home,home_detached,0.9143,1.0,8.57,11.0,2.2537
2022-08-02 05:30:00,118,3,driving,,,1.0,0.9822,-1.78,0.0,0.0
2022-08-02 06:15:00,121,25,work,work,work,0.9822,0.9822,0.0,0.0,0.0
2022-08-02 12:30:00,146,1,driving,,,0.9822,0.9778,-0.44,0.0,0.0
2022-08-02 12:45:00,147,72,home,home,home_detached,0.9778,1.0,2.22,11.0,1.7143
2022-08-03 06:45:00,219,1,driving,,,1.0,0.9956,-0.44,0.0,0.0
2022-08-03 07:00:00,220,12,work,work,work,0.9956,0.9956,0.0,0.0,0.0
2022-08-03 10:00:00,232,1,driving,,,0.9956,0.9819,-1.37,0.0,0.0
2022-08-03 10:15:00,233,25,leisure,public,street,0.9819,0.9819,0.0,0.0,0.0
2022-08-03 16:30:00,258,1,driving,,,0.9819,0.9733,-0.86,0.0,0.0
2022-08-03 16:45:00,259,3,private,public,street,0.9733,0.9733,0.0,0.0,0.0
2022-08-03 17:30:00,262,3,driving,,,0.9733,0.9428,-3.05,0.0,0.0
2022-08-03 18:15:00,265,99,leisure,public,street,0.9428,0.9428,0.0,0.0,0.0
2022-08-04 19:00:00,364,3,driving,,,0.9428,0.9068,-3.6,0.0,0.0
2022-08-04 19:45:00,367,69,home,home,home_detached,0.9068,1.0,9.32,11.0,2.3091
2022-08-05 13:00:00,436,1,driving,,,1.0,0.9987,-0.13,0.0,0.0
2022-08-05 13:15:00,437,6,leisure,public,street,0.9987,0.9987,0.0,0.0,0.0
2022-08-05 14:45:00,443,2,driving,,,0.9987,0.924,-7.47,0.0,0.0
2022-08-05 15:15:00,445,65,work,work,work,0.924,0.924,0.0,0.0,0.0
2022-08-06 07:30:00,510,4,driving,,,0.924,0.9133,-1.07,0.0,0.0
2022-08-06 08:30:00,514,101,home,home,home_detached,0.9133,1.0,8.67,11.0,2.3773
2022-08-07 09:45:00,615,11,driving,,,1.0,0.8402,-15.98,0.0,0.0
2022-08-07 12:30:00,626,22,leisure,public,street,0.8402,0.8402,0.0,0.0,0.0
2022-08-07 18:00:00,648,3,driving,,,0.8402,0.8179,-2.23,0.0,0.0
2022-08-07 18:45:00,651,21,home,home,home_detached,0.8179,0.9918,17.39,11.0,3.3132
