timestamp,event_start,event_time,location,use_case,charging_use_case,soc_start,soc_end,energy,station_charging_capacity,average_charging_power
2022-08-01 00:00:00,0,27,home,home,home_detached,1.0,1.0,0.0,11.0,0.0
2022-08-01 06:45:00,27,1,driving,,,1.0,0.9963,-0.259,0.0,0.0
2022-08-01 07:00:00,28,18,work,work,work,0.9963,0.9963,0.0,0.0,0.0
2022-08-01 11:30:00,46,1,driving,,,0.9963,0.9938,-0.175,0.0,0.0
2022-08-01 11:45:00,47,97,shopping,public,retail,0.9938,0.9938,0.0,0.0,0.0
2022-08-02 12:00:00,144,1,driving,,,0.9938,0.9718,-1.54,0.0,0.0
2022-08-02 12:15:00,145,77,home,home,home_detached,0.9718,1.0,1.974,11.0,1.7818
2022-08-03 07:30:00,222,2,driving,,,1.0,0.9792,-1.456,0.0,0.0
2022-08-03 08:00:00,224,38,work,work,work,0.9792,0.9792,0.0,0.0,0.0
2022-08-03 17:30:00,262,1,driving,,,0.9792,0.9749,-0.301,0.0,0.0
2022-08-03 17:45:00,263,46,leisure,public,street,0.9749,0.9749,0.0,0.0,0.0
2022-08-04 05:15:00,309,1,driving,,,0.9749,0.9507,-1.694,0.0,0.0
2022-08-04 05:30:00,310,14,work,work,work,0.9507,0.9507,0.0,0.0,0.0
2022-08-04 09:00:00,324,1,driving,,,0.9507,0.9467,-0.28,0.0,0.0
2022-08-04 09:15:00,325,1,private,public,street,0.9467,0.9467,0.0,0.0,0.0
2022-08-04 09:30:00,326,2,driving,,,0.9467,0.9374,-0.651,0.0,0.0
2022-08-04 10:00:00,328,4,shopping,public,retail,0.9374,0.9374,0.0,0.0,0.0
2022-08-04 11:00:00,332,2,driving,,,0.9374,0.9205,-1.183,0.0,0.0
2022-08-04 11:30:00,334,79,home,home,home_detached,0.9205,1.0,5.565,11.0,2.306
2022-08-05 07:15:00,413,1,driving,,,1.0,0.9767,-1.631,0.0,0.0
2022-08-05 07:30:00,414,23,work,work,work,0.9767,0.9767,0.0,0.0,0.0
2022-08-05 13:15:00,437,2,driving,,,0.9767,0.9329,-3.066,0.0,0.0
2022-08-05 13:45:00,439,13,home,home,home_detached,0.9329,1.0,4.697,11.0,2.1106
2022-08-05 17:00:00,452,2,driving,,,1.0,0.9851,-1.043,0.0,0.0
2022-08-05 17:30:00,454,63,shopping,public,retail,0.9851,0.9851,0.0,0.0,0.0
2022-08-06 09:15:00,517,3,driving,,,0.9851,0.9388,-3.241,0.0,0.0
2022-08-06 10:00:00,520,116,home,home,home_detached,0.9388,1.0,4.284,11.0,2.1624
2022-08-07 15:00:00,636,4,driving,,,1.0,0.9755,-1.715,0.0,0.0
2022-08-07 16:00:00,640,6,private,public,street,0.9755,0.9755,0.0,0.0,0.0
2022-08-07 17:30:00,646,14,driving,,,0.9755,0.911,-4.515,0.0,0.0
2022-08-07 21:00:00,660,12,leisure,public,street,0.911,0.911,0.0,0.0,0.0
