timestamp,event_start,event_time,location,use_case,charging_use_case,soc_start,soc_end,energy,station_charging_capacity,average_charging_power
2022-08-01 00:00:00,0,54,home,home,home_detached,1.0,1.0,0.0,11.0,0.0
2022-08-01 13:30:00,54,2,driving,,,1.0,0.9883,-1.17,0.0,0.0
2022-08-01 14:00:00,56,21,school,public,street,0.9883,0.9883,0.0,0.0,0.0
2022-08-01 19:15:00,77,1,driving,,,0.9883,0.9797,-0.86,0.0,0.0
2022-08-01 19:30:00,78,57,home,home,home_detached,0.9797,1.0,2.03,11.0,1.6762
2022-08-02 09:45:00,135,1,driving,,,1.0,0.9988,-0.12,0.0,0.0
2022-08-02 10:00:00,136,4,private,public,street,0.9988,0.9988,0.0,0.0,0.0
2022-08-02 11:00:00,140,1,driving,,,0.9988,0.9902,-0.86,0.0,0.0
2022-08-02 11:15:00,141,15,home,home,home_detached,0.9902,1.0,0.98,11.0,1.5824
2022-08-02 15:00:00,156,1,driving,,,1.0,0.9944,-0.56,0.0,0.0
2022-08-02 15:15:00,157,3,shopping,public,retail,0.9944,0.9944,0.0,0.0,0.0
2022-08-02 16:00:00,160,33,driving,,,0.9944,0.8615,-13.29,0.0,0.0
2022-08-03 00:15:00,193,71,leisure,public,street,0.8615,0.8615,0.0,0.0,0.0
2022-08-03 18:00:00,264,1,driving,,,0.8615,0.8614,-0.01,0.0,0.0
2022-08-03 18:15:00,265,46,home,home,home_detached,0.8614,1.0,13.86,11.0,2.5906
2022-08-04 05:45:00,311,1,driving,,,1.0,0.985,-1.5,0.0,0.0
2022-08-04 06:00:00,312,18,work,work,work,0.985,0.985,0.0,0.0,0.0
2022-08-04 10:30:00,330,2,driving,,,0.985,0.9585,-2.65,0.0,0.0
2022-08-04 11:00:00,332,82,home,home,home_detached,0.9585,1.0,4.15,11.0,1.9409
2022-08-05 07:30:00,414,1,driving,,,1.0,0.9885,-1.15,0.0,0.0
2022-08-05 07:45:00,415,22,work,work,work,0.9885,0.9885,0.0,0.0,0.0
2022-08-05 13:15:00,437,3,driving,,,0.9885,0.9778,-1.07,0.0,0.0
2022-08-05 14:00:00,440,4,home,home,home_detached,0.9778,0.996,1.82,11.0,1.8114
2022-08-05 15:00:00,444,1,driving,,,0.996,0.9923,-0.37,0.0,0.0
2022-08-05 15:15:00,445,7,shopping,public,retail,0.9923,0.9923,0.0,0.0,0.0
2022-08-05 17:00:00,452,2,driving,,,0.9923,0.9764,-1.59,0.0,0.0
2022-08-05 17:30:00,454,69,home,home,home_detached,0.9764,1.0,2.36,11.0,1.7413
2022-08-06 10:45:00,523,2,driving,,,1.0,0.9772,-2.28,0.0,0.0
2022-08-06 11:15:00,525,7,shopping,public,retail,0.9772,0.9772,0.0,0.0,0.0
2022-08-06 13:00:00,532,1,driving,,,0.9772,0.9665,-1.07,0.0,0.0
2022-08-06 13:15:00,533,79,home,home,home_detached,0.9665,1.0,3.35,11.0,1.7978
2022-08-07 09:00:00,612,1,driving,,,1.0,0.9807,-1.93,0.0,0.0
2022-08-07 09:15:00,613,14,leisure,public,street,0.9807,0.9807,0.0,0.0,0.0
2022-08-07 12:45:00,627,2,driving,,,0.9807,0.9574,-2.33,0.0,0.0
2022-08-07 13:15:00,629,7,home,home,home_detached,0.9574,0.9937,3.63,11.0,2.0749
2022-08-07 15:00:00,636,12,driving,,,0.9937,0.9497,-4.4,0.0,0.0
2022-08-07 18:00:00,648,4,leisure,public,street,0.9497,0.9497,0.0,0.0,0.0
2022-08-07 19:00:00,652,1,driving,,,0.9497,0.939,-1.07,0.0,0.0
2022-08-07 19:15:00,653,19,home,home,home_detached,0.939,1.0,6.1,11.0,2.0754
