timestamp,event_start,event_time,location,use_case,charging_use_case,soc_start,soc_end,energy,station_charging_capacity,average_charging_power
2022-08-01 00:00:00,0,29,work,work,work,0.9712,0.9712,0.0,0.0,0.0
2022-08-01 07:15:00,29,1,driving,,,0.9712,0.9668,-0.44,0.0,0.0
2022-08-01 07:30:00,30,25,private,public,street,0.9668,0.9668,0.0,0.0,0.0
2022-08-01 13:45:00,55,1,driving,,,0.9668,0.9614,-0.54,0.0,0.0
2022-08-01 14:00:00,56,20,school,public,street,0.9614,0.9614,0.0,0.0,0.0
2022-08-01 19:00:00,76,4,driving,,,0.9614,0.9421,-1.93,0.0,0.0
2022-08-01 20:00:00,80,42,leisure,public,street,0.9421,0.9421,0.0,0.0,0.0
2022-08-02 06:30:00,122,3,driving,,,0.9421,0.9152,-2.69,0.0,0.0
2022-08-02 07:15:00,125,20,work,work,work,0.9152,0.9152,0.0,0.0,0.0
2022-08-02 12:15:00,145,2,driving,,,0.9152,0.8824,-3.28,0.0,0.0
2022-08-02 12:45:00,147,2,home,home,home_detached,0.8824,0.9023,1.99,11.0,3.9882
2022-08-02 13:15:00,149,2,driving,,,0.9023,0.8779,-2.44,0.0,0.0
2022-08-02 13:45:00,151,7,private,public,street,0.8779,0.8779,0.0,0.0,0.0
2022-08-02 15:30:00,158,2,driving,,,0.8779,0.8609,-1.7,0.0,0.0
2022-08-02 16:00:00,160,55,leisure,public,street,0.8609,0.8609,0.0,0.0,0.0
2022-08-03 05:45:00,215,2,driving,,,0.8609,0.8375,-2.34,0.0,0.0
2022-08-03 06:15:00,217,21,work,work,work,0.8375,0.8375,0.0,0.0,0.0
2022-08-03 11:30:00,238,10,driving,,,0.8375,0.6675,-17.0,0.0,0.0
2022-08-03 14:00:00,248,102,leisure,public,street,0.6675,0.6675,0.0,0.0,0.0
2022-08-04 15:30:00,350,1,driving,,,0.6675,0.6547,-1.28,0.0,0.0
2022-08-04 15:45:00,351,91,home,home,home_detached,0.6547,1.0,34.53,11.0,4.1965
2022-08-05 14:30:00,442,1,driving,,,1.0,0.9969,-0.31,0.0,0.0
2022-08-05 14:45:00,443,14,shopping,public,retail,0.9969,0.9969,0.0,0.0,0.0
2022-08-05 18:15:00,457,2,driving,,,0.9969,0.9915,-0.54,0.0,0.0
2022-08-05 18:45:00,459,50,private,public,street,0.9915,0.9915,0.0,0.0,0.0
2022-08-06 07:15:00,509,11,driving,,,0.9915,0.9554,-3.61,0.0,0.0
2022-08-06 10:00:00,520,98,work,work,work,0.9554,0.9554,0.0,0.0,0.0
2022-08-07 10:30:00,618,5,driving,,,0.9554,0.9321,-2.33,0.0,0.0
2022-08-07 11:45:00,623,8,private,public,street,0.9321,0.9321,0.0,0.0,0.0
2022-08-07 13:45:00,631,2,driving,,,0.9321,0.9105,-2.16,0.0,0.0
2022-08-07 14:15:00,633,13,leisure,public,street,0.9105,0.9105,0.0,0.0,0.0
2022-08-07 17:30:00,646,7,driving,,,0.9105,0.8872,-2.33,0.0,0.0
2022-08-07 19:15:00,653,15,private,public,street,0.8872,0.8872,0.0,0.0,0.0
2022-08-07 23:00:00,668,1,driving,,,0.8872,0.8785,-0.87,0.0,0.0
2022-08-07 23:15:00,669,3,business,public,street,0.8785,0.8785,0.0,0.0,0.0
