timestamp,event_start,event_time,location,use_case,charging_use_case,soc_start,soc_end,energy,station_charging_capacity,average_charging_power
2022-08-01 00:00:00,0,62,home,home,home_detached,1.0,1.0,0.0,11.0,0.0
2022-08-01 15:30:00,62,1,driving,,,1.0,0.9988,-0.12,0.0,0.0
2022-08-01 15:45:00,63,4,private,public,street,0.9988,0.9988,0.0,0.0,0.0
2022-08-01 16:45:00,67,4,driving,,,0.9988,0.966,-3.28,0.0,0.0
2022-08-01 17:45:00,71,100,home,home,home_detached,0.966,1.0,3.4,11.0,1.8517
2022-08-02 18:45:00,171,1,driving,,,1.0,0.9812,-1.88,0.0,0.0
2022-08-02 19:00:00,172,47,business,public,street,0.9812,0.9812,0.0,0.0,0.0
2022-08-03 06:45:00,219,2,driving,,,0.9812,0.9494,-3.18,0.0,0.0
2022-08-03 07:15:00,221,8,private,public,street,0.9494,0.9494,0.0,0.0,0.0
2022-08-03 09:15:00,229,4,driving,,,0.9494,0.8891,-6.03,0.0,0.0
2022-08-03 10:15:00,233,85,home,home,home_detached,0.8891,1.0,11.09,11.0,2.6176
2022-08-04 07:30:00,318,1,driving,,,1.0,0.9999,-0.01,0.0,0.0
2022-08-04 07:45:00,319,8,private,public,street,0.9999,0.9999,0.0,0.0,0.0
2022-08-04 09:45:00,327,2,driving,,,0.9999,0.9947,-0.52,0.0,0.0
2022-08-04 10:15:00,329,8,shopping,public,retail,0.9947,0.9947,0.0,0.0,0.0
2022-08-04 12:15:00,337,1,driving,,,0.9947,0.9935,-0.12,0.0,0.0
2022-08-04 12:30:00,338,6,private,public,street,0.9935,0.9935,0.0,0.0,0.0
2022-08-04 14:00:00,344,4,driving,,,0.9935,0.963,-3.05,0.0,0.0
2022-08-04 15:00:00,348,91,leisure,public,street,0.963,0.963,0.0,0.0,0.0
2022-08-05 13:45:00,439,14,driving,,,0.963,0.8247,-13.83,0.0,0.0
2022-08-05 17:15:00,453,67,home,home,home_detached,0.8247,1.0,17.53,11.0,2.7993
2022-08-06 10:00:00,520,2,driving,,,1.0,0.984,-1.6,0.0,0.0
2022-08-06 10:30:00,522,5,private,public,street,0.984,0.984,0.0,0.0,0.0
2022-08-06 11:45:00,527,2,driving,,,0.984,0.9726,-1.14,0.0,0.0
2022-08-06 12:15:00,529,7,leisure,public,street,0.9726,0.9726,0.0,0.0,0.0
2022-08-06 14:00:00,536,1,driving,,,0.9726,0.9598,-1.28,0.0,0.0
2022-08-06 14:15:00,537,13,private,public,street,0.9598,0.9598,0.0,0.0,0.0
2022-08-06 17:30:00,550,5,driving,,,0.9598,0.9112,-4.86,0.0,0.0
2022-08-06 18:45:00,555,58,home,home,home_detached,0.9112,1.0,8.88,11.0,2.409
2022-08-07 09:15:00,613,1,driving,,,1.0,0.9967,-0.33,0.0,0.0
2022-08-07 09:30:00,614,2,private,public,street,0.9967,0.9967,0.0,0.0,0.0
2022-08-07 10:00:00,616,3,driving,,,0.9967,0.9871,-0.96,0.0,0.0
2022-08-07 10:45:00,619,53,home,home,home_detached,0.9871,1.0,1.29,11.0,1.6076
