timestamp,event_start,event_time,location,use_case,charging_use_case,soc_start,soc_end,energy,station_charging_capacity,average_charging_power
2022-08-01 00:00:00,0,26,leisure,public,street,0.9383,0.9383,0.0,0.0,0.0
2022-08-01 06:30:00,26,2,driving,,,0.9383,0.897,-2.891,0.0,0.0
2022-08-01 07:00:00,28,40,work,work,work,0.897,0.897,0.0,0.0,0.0
2022-08-01 17:00:00,68,3,driving,,,0.897,0.8506,-3.248,0.0,0.0
2022-08-01 17:45:00,71,5,private,public,street,0.8506,0.8506,0.0,0.0,0.0
2022-08-01 19:00:00,76,4,driving,,,0.8506,0.7915,-4.137,0.0,0.0
2022-08-01 20:00:00,80,132,home,home,home_detached,0.7915,1.0,14.595,11.0,3.3078
2022-08-03 05:00:00,212,1,driving,,,1.0,0.9929,-0.497,0.0,0.0
2022-08-03 05:15:00,213,41,work,work,work,0.9929,0.9929,0.0,0.0,0.0
2022-08-03 15:30:00,254,1,driving,,,0.9929,0.9863,-0.462,0.0,0.0
2022-08-03 15:45:00,255,72,home,home,home_detached,0.9863,1.0,0.959,11.0,1.6164
2022-08-04 09:45:00,327,1,driving,,,1.0,0.9896,-0.728,0.0,0.0
2022-08-04 10:00:00,328,6,private,public,street,0.9896,0.9896,0.0,0.0,0.0
2022-08-04 11:30:00,334,3,driving,,,0.9896,0.9128,-5.376,0.0,0.0
2022-08-04 12:15:00,337,12,leisure,public,street,0.9128,0.9128,0.0,0.0,0.0
2022-08-04 15:15:00,349,1,driving,,,0.9128,0.9011,-0.819,0.0,0.0
2022-08-04 15:30:00,350,1,private,public,street,0.9011,0.9011,0.0,0.0,0.0
2022-08-04 15:45:00,351,3,driving,,,0.9011,0.8701,-2.17,0.0,0.0
2022-08-04 16:30:00,354,54,home,home,home_detached,0.8701,1.0,9.093,11.0,2.7065
2022-08-05 06:00:00,408,1,driving,,,1.0,0.9858,-0.994,0.0,0.0
2022-08-05 06:15:00,409,3,shopping,public,retail,0.9858,0.9858,0.0,0.0,0.0
2022-08-05 07:00:00,412,5,driving,,,0.9858,0.953,-2.296,0.0,0.0
2022-08-05 08:15:00,417,41,work,work,work,0.953,0.953,0.0,0.0,0.0
2022-08-05 18:30:00,458,2,driving,,,0.953,0.9413,-0.819,0.0,0.0
2022-08-05 19:00:00,460,11,private,public,street,0.9413,0.9413,0.0,0.0,0.0
2022-08-05 21:45:00,471,2,driving,,,0.9413,0.9193,-1.54,0.0,0.0
2022-08-05 22:15:00,473,40,home,home,home_detached,0.9193,1.0,5.649,11.0,2.3247
2022-08-06 08:15:00,513,1,driving,,,1.0,0.987,-0.91,0.0,0.0
2022-08-06 08:30:00,514,2,private,public,street,0.987,0.987,0.0,0.0,0.0
2022-08-06 09:00:00,516,1,driving,,,0.987,0.98,-0.49,0.0,0.0
2022-08-06 09:15:00,517,5,leisure,public,street,0.98,0.98,0.0,0.0,0.0
2022-08-06 10:30:00,522,1,driving,,,0.98,0.9721,-0.553,0.0,0.0
2022-08-06 10:45:00,523,92,home,home,home_detached,0.9721,1.0,1.953,11.0,1.7761
2022-08-07 09:45:00,615,1,driving,,,1.0,0.9957,-0.301,0.0,0.0
2022-08-07 10:00:00,616,9,leisure,public,street,0.9957,0.9957,0.0,0.0,0.0
2022-08-07 12:15:00,625,1,driving,,,0.9957,0.9878,-0.553,0.0,0.0
2022-08-07 12:30:00,626,8,home,home,home_detached,0.9878,1.0,0.854,11.0,1.5903
2022-08-07 14:30:00,634,19,driving,,,1.0,0.7408,-18.144,0.0,0.0
2022-08-07 19:15:00,653,8,private,public,street,0.7408,0.7408,0.0,0.0,0.0
2022-08-07 21:15:00,661,1,driving,,,0.7408,0.7368,-0.28,0.0,0.0
2022-08-07 21:30:00,662,10,home,home,home_detached,0.7368,0.9157,12.523,11.0,5.009
