timestamp,event_start,event_time,location,use_case,charging_use_case,soc_start,soc_end,energy,station_charging_capacity,average_charging_power
2022-08-01 00:00:00,0,27,home,home,home_detached,1.0,1.0,0.0,11.0,0.0
2022-08-01 06:45:00,27,2,driving,,,1.0,0.971,-2.9,0.0,0.0
2022-08-01 07:15:00,29,31,work,work,work,0.971,0.971,0.0,0.0,0.0
2022-08-01 15:00:00,60,16,driving,,,0.971,0.6113,-35.97,0.0,0.0
2022-08-01 19:00:00,76,91,home,home,home_detached,0.6113,1.0,38.87,11.0,3.7334
2022-08-02 17:45:00,167,3,driving,,,1.0,0.9537,-4.63,0.0,0.0
2022-08-02 18:30:00,170,25,leisure,public,street,0.9537,0.9537,0.0,0.0,0.0
2022-08-03 00:45:00,195,2,driving,,,0.9537,0.9345,-1.92,0.0,0.0
2022-08-03 01:15:00,197,26,work,work,work,0.9345,0.9345,0.0,0.0,0.0
2022-08-03 07:45:00,223,1,driving,,,0.9345,0.9333,-0.12,0.0,0.0
2022-08-03 08:00:00,224,22,private,public,street,0.9333,0.9333,0.0,0.0,0.0
2022-08-03 13:30:00,246,1,driving,,,0.9333,0.9332,-0.01,0.0,0.0
2022-08-03 13:45:00,247,8,home,home,home_detached,0.9332,0.983,4.98,11.0,2.4878
2022-08-03 15:45:00,255,1,driving,,,0.983,0.9772,-0.58,0.0,0.0
2022-08-03 16:00:00,256,64,leisure,public,street,0.9772,0.9772,0.0,0.0,0.0
2022-08-04 08:00:00,320,2,driving,,,0.9772,0.9601,-1.71,0.0,0.0
2022-08-04 08:30:00,322,29,work,work,work,0.9601,0.9601,0.0,0.0,0.0
2022-08-04 15:45:00,351,6,driving,,,0.9601,0.923,-3.71,0.0,0.0
2022-08-04 17:15:00,357,49,home,home,home_detached,0.923,1.0,7.7,11.0,2.2824
2022-08-05 05:30:00,406,4,driving,,,1.0,0.9724,-2.76,0.0,0.0
2022-08-05 06:30:00,410,35,work,work,work,0.9724,0.9724,0.0,0.0,0.0
2022-08-05 15:15:00,445,2,driving,,,0.9724,0.9564,-1.6,0.0,0.0
2022-08-05 15:45:00,447,85,home,home,home_detached,0.9564,1.0,4.36,11.0,1.927
2022-08-06 13:00:00,532,1,driving,,,1.0,0.9944,-0.56,0.0,0.0
2022-08-06 13:15:00,533,4,shopping,public,retail,0.9944,0.9944,0.0,0.0,0.0
2022-08-06 14:15:00,537,1,driving,,,0.9944,0.9932,-0.12,0.0,0.0
2022-08-06 14:30:00,538,20,home,home,home_detached,0.9932,1.0,0.68,11.0,1.556
2022-08-06 19:30:00,558,1,driving,,,1.0,0.9965,-0.35,0.0,0.0
2022-08-06 19:45:00,559,13,leisure,public,street,0.9965,0.9965,0.0,0.0,0.0
2022-08-06 23:00:00,572,2,driving,,,0.9965,0.9742,-2.23,0.0,0.0
2022-08-06 23:30:00,574,98,home,home,home_detached,0.9742,1.0,2.58,11.0,1.7385
