timestamp,event_start,event_time,location,use_case,charging_use_case,soc_start,soc_end,energy,station_charging_capacity,average_charging_power
2022-08-01 00:00:00,0,5,driving,,,0.8912,0.861,-2.1175,0.0,-1.6940000000000002
2022-08-01 01:15:00,5,31,business,public,street,0.861,0.861,0.0,0.0,0.0
2022-08-01 09:00:00,36,2,driving,,,0.861,0.8431,-1.253000020980835,0.0,0.0
2022-08-01 09:30:00,38,6,leisure,public,street,0.8431,0.8431,0.0,0.0,0.0
2022-08-01 11:00:00,44,1,driving,,,0.8431,0.8393,-0.26600000262260437,0.0,0.0
2022-08-01 11:15:00,45,5,shopping,public,retail,0.8393,0.8393,0.0,0.0,0.0
2022-08-01 12:30:00,50,11,driving,,,0.8393,0.8045,-2.436000108718872,0.0,0.0
2022-08-01 15:15:00,61,97,home,home,home_detached,0.8045,1.0,13.6850004196167,11.0,3.2495999336242676
2022-08-02 15:30:00,158,1,driving,,,1.0,0.9902,-0.6859999895095825,0.0,0.0
2022-08-02 15:45:00,159,2,leisure,public,street,0.9902,0.9902,0.0,0.0,0.0
2022-08-02 16:15:00,161,15,driving,,,0.9902,0.9208,-4.857999801635742,0.0,0.0
2022-08-02 20:00:00,176,10,private,public,street,0.9208,0.9208,0.0,0.0,0.0
2022-08-02 22:30:00,186,1,driving,,,0.9208,0.9194,-0.09799999743700027,0.0,0.0
2022-08-02 22:45:00,187,26,home,home,home_detached,0.9194,1.0,5.642000198364258,11.0,2.3238000869750977
2022-08-03 05:15:00,213,2,driving,,,1.0,0.957,-3.009999990463257,0.0,0.0
2022-08-03 05:45:00,215,37,work,work,work,0.957,0.957,0.0,0.0,0.0
2022-08-03 15:00:00,252,2,driving,,,0.957,0.9273,-2.0789999961853027,0.0,0.0
2022-08-03 15:30:00,254,4,private,public,street,0.9273,0.9273,0.0,0.0,0.0
2022-08-03 16:30:00,258,6,driving,,,0.9273,0.8271,-7.013999938964844,0.0,0.0
2022-08-03 18:00:00,264,50,home,home,home_detached,0.8271,1.0,12.102999687194824,11.0,3.0732998847961426
2022-08-04 06:30:00,314,1,driving,,,1.0,0.9912,-0.6159999966621399,0.0,0.0
2022-08-04 06:45:00,315,36,work,work,work,0.9912,0.9912,0.0,0.0,0.0
2022-08-04 15:45:00,351,1,driving,,,0.9912,0.9795,-0.8190000057220459,0.0,0.0
2022-08-04 16:00:00,352,59,home,home,home_detached,0.9795,1.0,1.434999942779541,11.0,1.6949000358581543
2022-08-05 06:45:00,411,2,driving,,,1.0,0.9664,-2.3519999980926514,0.0,0.0
2022-08-05 07:15:00,413,9,work,work,work,0.9664,0.9664,0.0,0.0,0.0
2022-08-05 09:30:00,422,2,driving,,,0.9664,0.9239,-2.9749999046325684,0.0,0.0
2022-08-05 10:00:00,424,8,private,public,street,0.9239,0.9239,0.0,0.0,0.0
2022-08-05 12:00:00,432,2,driving,,,0.9239,0.8891,-2.436000108718872,0.0,0.0
2022-08-05 12:30:00,434,76,home,home,home_detached,0.8891,1.0,7.763000011444092,11.0,2.609999895095825
2022-08-06 07:30:00,510,1,driving,,,1.0,0.9857,-1.0010000467300415,0.0,0.0
2022-08-06 07:45:00,511,2,private,public,street,0.9857,0.9857,0.0,0.0,0.0
2022-08-06 08:15:00,513,3,driving,,,0.9857,0.9625,-1.6239999532699585,0.0,0.0
2022-08-06 09:00:00,516,58,home,home,home_detached,0.9625,1.0,2.625,11.0,1.8901000022888184
2022-08-06 23:30:00,574,3,driving,,,1.0,0.9752,-1.7359999418258667,0.0,0.0
2022-08-07 00:15:00,577,55,leisure,public,street,0.9752,0.9752,0.0,0.0,0.0
2022-08-07 14:00:00,632,2,driving,,,0.9752,0.9532,-1.5399999618530273,0.0,0.0
2022-08-07 14:30:00,634,38,home,home,home_detached,0.9532,1.0,3.2760000228881836,11.0,1.9875999689102173
