timestamp,event_start,event_time,location,use_case,charging_use_case,soc_start,soc_end,energy,station_charging_capacity,average_charging_power
2022-08-01 00:00:00,0,47,home,home,home_detached,1.0,1.0,0.0,11.0,0.0
2022-08-01 11:45:00,47,1,driving,,,1.0,0.9935,-0.65,0.0,0.0
2022-08-01 12:00:00,48,16,work,work,work,0.9935,0.9935,0.0,0.0,0.0
2022-08-01 16:00:00,64,2,driving,,,0.9935,0.9669,-2.66,0.0,0.0
2022-08-01 16:30:00,66,61,home,home,home_detached,0.9669,1.0,3.31,11.0,1.8344
2022-08-02 07:45:00,127,2,driving,,,1.0,0.971,-2.9,0.0,0.0
2022-08-02 08:15:00,129,41,work,work,work,0.971,0.971,0.0,0.0,0.0
2022-08-02 18:30:00,170,1,driving,,,0.971,0.9622,-0.88,0.0,0.0
2022-08-02 18:45:00,171,2,business,public,street,0.9622,0.9622,0.0,0.0,0.0
2022-08-02 19:15:00,173,4,driving,,,0.9622,0.9294,-3.28,0.0,0.0
2022-08-02 20:15:00,177,63,home,home,home_detached,0.9294,1.0,7.06,11.0,2.234
2022-08-03 12:00:00,240,3,driving,,,1.0,0.9815,-1.85,0.0,0.0
2022-08-03 12:45:00,243,13,work,work,work,0.9815,0.9815,0.0,0.0,0.0
2022-08-03 16:00:00,256,1,driving,,,0.9815,0.9779,-0.36,0.0,0.0
2022-08-03 16:15:00,257,8,shopping,public,retail,0.9779,0.9779,0.0,0.0,0.0
2022-08-03 18:15:00,265,1,driving,,,0.9779,0.9756,-0.23,0.0,0.0
2022-08-03 18:30:00,266,69,home,home,home_detached,0.9756,1.0,2.44,11.0,1.7554
2022-08-04 11:45:00,335,1,driving,,,1.0,0.9949,-0.51,0.0,0.0
2022-08-04 12:00:00,336,34,work,work,work,0.9949,0.9949,0.0,0.0,0.0
2022-08-04 20:30:00,370,1,driving,,,0.9949,0.9937,-0.12,0.0,0.0
2022-08-04 20:45:00,371,44,home,home,home_detached,0.9937,1.0,0.63,11.0,1.5442
2022-08-05 07:45:00,415,9,driving,,,1.0,0.9351,-6.49,0.0,0.0
2022-08-05 10:00:00,424,4,work,work,work,0.9351,0.9351,0.0,0.0,0.0
2022-08-05 11:00:00,428,1,driving,,,0.9351,0.9286,-0.65,0.0,0.0
2022-08-05 11:15:00,429,87,home,home,home_detached,0.9286,1.0,7.14,11.0,2.2463
2022-08-06 09:00:00,516,1,driving,,,1.0,0.9987,-0.13,0.0,0.0
2022-08-06 09:15:00,517,4,leisure,public,street,0.9987,0.9987,0.0,0.0,0.0
2022-08-06 10:15:00,521,1,driving,,,0.9987,0.9965,-0.22,0.0,0.0
2022-08-06 10:30:00,522,26,home,home,home_detached,0.9965,1.0,0.35,11.0,1.52
2022-08-06 17:00:00,548,1,driving,,,1.0,0.9954,-0.46,0.0,0.0
2022-08-06 17:15:00,549,62,leisure,public,street,0.9954,0.9954,0.0,0.0,0.0
2022-08-07 08:45:00,611,2,driving,,,0.9954,0.9654,-3.0,0.0,0.0
2022-08-07 09:15:00,613,5,shopping,public,retail,0.9654,0.9654,0.0,0.0,0.0
2022-08-07 10:30:00,618,1,driving,,,0.9654,0.9611,-0.43,0.0,0.0
2022-08-07 10:45:00,619,53,home,home,home_detached,0.9611,1.0,3.89,11.0,1.8494
