timestamp,event_start,event_time,location,use_case,charging_use_case,soc_start,soc_end,energy,station_charging_capacity,average_charging_power
2022-08-01 00:00:00,0,44,home,home,home_detached,0.8556,1.0,14.4378,11.0,1.3125272727272728
2022-08-01 11:00:00,44,2,driving,,,1.0,0.967,-3.299999952316284,0.0,0.0
2022-08-01 11:30:00,46,4,shopping,public,retail,0.967,0.967,0.0,0.0,0.0
2022-08-01 12:30:00,50,2,driving,,,0.967,0.9361,-3.0899999141693115,0.0,0.0
2022-08-01 13:00:00,52,87,home,home,home_detached,0.9361,1.0,6.389999866485596,11.0,2.1779000759124756
2022-08-02 10:45:00,139,1,driving,,,1.0,0.9896,-1.0399999618530273,0.0,0.0
2022-08-02 11:00:00,140,26,private,public,street,0.9896,0.9896,0.0,0.0,0.0
2022-08-02 17:30:00,166,3,driving,,,0.9896,0.9383,-5.130000114440918,0.0,0.0
2022-08-02 18:15:00,169,51,home,home,home_detached,0.9383,1.0,6.170000076293945,11.0,2.1424999237060547
2022-08-03 07:00:00,220,2,driving,,,1.0,0.9808,-1.9199999570846558,0.0,0.0
2022-08-03 07:30:00,222,95,private,public,street,0.9808,0.9808,0.0,0.0,0.0
2022-08-04 07:15:00,317,5,driving,,,0.9808,0.9669,-1.3899999856948853,0.0,0.0
2022-08-04 08:30:00,322,30,work,work,work,0.9669,0.9669,0.0,0.0,0.0
2022-08-04 16:00:00,352,2,driving,,,0.9669,0.9448,-2.2100000381469727,0.0,0.0
2022-08-04 16:30:00,354,17,private,public,street,0.9448,0.9448,0.0,0.0,0.0
2022-08-04 20:45:00,371,1,driving,,,0.9448,0.9446,-0.019999999552965164,0.0,0.0
2022-08-04 21:00:00,372,38,leisure,public,street,0.9446,0.9446,0.0,0.0,0.0
2022-08-05 06:30:00,410,1,driving,,,0.9446,0.9102,-3.440000057220459,0.0,0.0
2022-08-05 06:45:00,411,15,work,work,work,0.9102,0.9102,0.0,0.0,0.0
2022-08-05 10:30:00,426,2,driving,,,0.9102,0.8778,-3.240000009536743,0.0,0.0
2022-08-05 11:00:00,428,82,home,home,home_detached,0.8778,1.0,12.220000267028809,11.0,2.716599941253662
2022-08-06 07:30:00,510,2,driving,,,1.0,0.9712,-2.880000114440918,0.0,0.0
2022-08-06 08:00:00,512,2,shopping,public,retail,0.9712,0.9712,0.0,0.0,0.0
2022-08-06 08:30:00,514,3,driving,,,0.9712,0.9563,-1.4900000095367432,0.0,0.0
2022-08-06 09:15:00,517,105,home,home,home_detached,0.9563,1.0,4.369999885559082,11.0,1.927899956703186
2022-08-07 11:30:00,622,3,driving,,,1.0,0.9266,-7.340000152587891,0.0,0.0
2022-08-07 12:15:00,625,16,leisure,public,street,0.9266,0.9266,0.0,0.0,0.0
2022-08-07 16:15:00,641,2,driving,,,0.9266,0.9001,-2.6500000953674316,0.0,0.0
2022-08-07 16:45:00,643,29,home,home,home_detached,0.9001,1.0,9.989999771118164,11.0,2.517699956893921
