timestamp,event_start,event_time,location,use_case,charging_use_case,soc_start,soc_end,energy,station_charging_capacity,average_charging_power
2022-08-01 00:00:00,0,26,leisure,public,street,0.9381,0.9381,0.0,0.0,0.0
2022-08-01 06:30:00,26,1,driving,,,0.9381,0.9154,-2.27,0.0,0.0
2022-08-01 06:45:00,27,9,work,work,work,0.9154,0.9154,0.0,0.0,0.0
2022-08-01 09:00:00,36,1,driving,,,0.9154,0.9152,-0.02,0.0,0.0
2022-08-01 09:15:00,37,91,home,home,home_detached,0.9152,1.0,8.48,11.0,2.3492
2022-08-02 08:00:00,128,2,driving,,,1.0,0.9569,-4.31,0.0,0.0
2022-08-02 08:30:00,130,34,work,work,work,0.9569,0.9569,0.0,0.0,0.0
2022-08-02 17:00:00,164,1,driving,,,0.9569,0.9464,-1.05,0.0,0.0
2022-08-02 17:15:00,165,54,home,home,home_detached,0.9464,1.0,5.36,11.0,2.056
2022-08-03 06:45:00,219,2,driving,,,1.0,0.9705,-2.95,0.0,0.0
2022-08-03 07:15:00,221,38,work,work,work,0.9705,0.9705,0.0,0.0,0.0
2022-08-03 16:45:00,259,3,driving,,,0.9705,0.9236,-4.69,0.0,0.0
2022-08-03 17:30:00,262,14,home,home,home_detached,0.9236,1.0,7.64,11.0,2.2746
2022-08-03 21:00:00,276,1,driving,,,1.0,0.9827,-1.73,0.0,0.0
2022-08-03 21:15:00,277,49,leisure,public,street,0.9827,0.9827,0.0,0.0,0.0
2022-08-04 09:30:00,326,1,driving,,,0.9827,0.9769,-0.58,0.0,0.0
2022-08-04 09:45:00,327,3,shopping,public,retail,0.9769,0.9769,0.0,0.0,0.0
2022-08-04 10:30:00,330,4,driving,,,0.9769,0.9548,-2.21,0.0,0.0
2022-08-04 11:30:00,334,10,private,public,street,0.9548,0.9548,0.0,0.0,0.0
2022-08-04 14:00:00,344,4,driving,,,0.9548,0.905,-4.98,0.0,0.0
2022-08-04 15:00:00,348,82,home,home,home_detached,0.905,1.0,9.5,11.0,2.334
2022-08-05 11:30:00,430,2,driving,,,1.0,0.9817,-1.83,0.0,0.0
2022-08-05 12:00:00,432,6,shopping,public,retail,0.9817,0.9817,0.0,0.0,0.0
2022-08-05 13:30:00,438,5,driving,,,0.9817,0.926,-5.57,0.0,0.0
2022-08-05 14:45:00,443,5,private,public,street,0.926,0.926,0.0,0.0,0.0
2022-08-05 16:00:00,448,10,driving,,,0.926,0.879,-4.7,0.0,0.0
2022-08-05 18:30:00,458,40,home,home,home_detached,0.879,1.0,12.1,11.0,2.7002
2022-08-06 04:30:00,498,1,driving,,,1.0,0.978,-2.2,0.0,0.0
2022-08-06 04:45:00,499,66,leisure,public,street,0.978,0.978,0.0,0.0,0.0
2022-08-06 21:15:00,565,1,driving,,,0.978,0.9676,-1.04,0.0,0.0
2022-08-06 21:30:00,566,30,home,home,home_detached,0.9676,1.0,3.24,11.0,1.8671
2022-08-07 05:00:00,596,1,driving,,,1.0,0.9925,-0.75,0.0,0.0
2022-08-07 05:15:00,597,13,school,public,street,0.9925,0.9925,0.0,0.0,0.0
2022-08-07 08:30:00,610,2,driving,,,0.9925,0.9735,-1.9,0.0,0.0
2022-08-07 09:00:00,612,4,shopping,public,retail,0.9735,0.9735,0.0,0.0,0.0
2022-08-07 10:00:00,616,1,driving,,,0.9735,0.9616,-1.19,0.0,0.0
2022-08-07 10:15:00,617,7,private,public,street,0.9616,0.9616,0.0,0.0,0.0
2022-08-07 12:00:00,624,4,driving,,,0.9616,0.9059,-5.57,0.0,0.0
2022-08-07 13:00:00,628,44,home,home,home_detached,0.9059,1.0,9.41,11.0,2.3219
