timestamp,event_start,event_time,location,use_case,charging_use_case,soc_start,soc_end,energy,station_charging_capacity,average_charging_power
2022-08-01 00:00:00,0,26,home,home,home_detached,1.0,1.0,0.0,11.0,0.0
2022-08-01 06:30:00,26,1,driving,,,1.0,0.9929,-0.71,0.0,0.0
2022-08-01 06:45:00,27,33,work,work,work,0.9929,0.9929,0.0,0.0,0.0
2022-08-01 15:00:00,60,1,driving,,,0.9929,0.9751,-1.78,0.0,0.0
2022-08-01 15:15:00,61,29,home,home,home_detached,0.9751,1.0,2.49,11.0,1.7647
2022-08-01 22:30:00,90,4,driving,,,1.0,0.9531,-4.69,0.0,0.0
2022-08-01 23:30:00,94,24,leisure,public,street,0.9531,0.9531,0.0,0.0,0.0
2022-08-02 05:30:00,118,1,driving,,,0.9531,0.9508,-0.23,0.0,0.0
2022-08-02 05:45:00,119,39,work,work,work,0.9508,0.9508,0.0,0.0,0.0
2022-08-02 15:30:00,158,1,driving,,,0.9508,0.9304,-2.04,0.0,0.0
2022-08-02 15:45:00,159,7,shopping,public,retail,0.9304,0.9304,0.0,0.0,0.0
2022-08-02 17:30:00,166,7,driving,,,0.9304,0.9006,-2.98,0.0,0.0
2022-08-02 19:15:00,173,47,leisure,public,street,0.9006,0.9006,0.0,0.0,0.0
2022-08-03 07:00:00,220,2,driving,,,0.9006,0.8613,-3.93,0.0,0.0
2022-08-03 07:30:00,222,20,work,work,work,0.8613,0.8613,0.0,0.0,0.0
2022-08-03 12:30:00,242,2,driving,,,0.8613,0.8436,-1.77,0.0,0.0
2022-08-03 13:00:00,244,72,home,home,home_detached,0.8436,1.0,15.64,11.0,2.9849
2022-08-04 07:00:00,316,1,driving,,,1.0,0.988,-1.2,0.0,0.0
2022-08-04 07:15:00,317,2,work,work,work,0.988,0.988,0.0,0.0,0.0
2022-08-04 07:45:00,319,1,driving,,,0.988,0.9703,-1.77,0.0,0.0
2022-08-04 08:00:00,320,93,school,public,street,0.9703,0.9703,0.0,0.0,0.0
2022-08-05 07:15:00,413,1,driving,,,0.9703,0.9672,-0.31,0.0,0.0
2022-08-05 07:30:00,414,2,private,public,street,0.9672,0.9672,0.0,0.0,0.0
2022-08-05 08:00:00,416,1,driving,,,0.9672,0.96,-0.72,0.0,0.0
2022-08-05 08:15:00,417,8,shopping,public,retail,0.96,0.96,0.0,0.0,0.0
2022-08-05 10:15:00,425,2,driving,,,0.96,0.924,-3.6,0.0,0.0
2022-08-05 10:45:00,427,7,leisure,public,street,0.924,0.924,0.0,0.0,0.0
2022-08-05 12:30:00,434,1,driving,,,0.924,0.918,-0.6,0.0,0.0
2022-08-05 12:45:00,435,58,home,home,home_detached,0.918,1.0,8.2,11.0,2.2035
2022-08-06 03:15:00,493,1,driving,,,1.0,0.9896,-1.04,0.0,0.0
2022-08-06 03:30:00,494,16,private,public,street,0.9896,0.9896,0.0,0.0,0.0
2022-08-06 07:30:00,510,2,driving,,,0.9896,0.9791,-1.05,0.0,0.0
2022-08-06 08:00:00,512,7,home,home,home_detached,0.9791,1.0,2.09,11.0,1.7286
2022-08-06 09:45:00,519,3,driving,,,1.0,0.9887,-1.13,0.0,0.0
2022-08-06 10:30:00,522,2,shopping,public,retail,0.9887,0.9887,0.0,0.0,0.0
2022-08-06 11:00:00,524,4,driving,,,0.9887,0.9121,-7.66,0.0,0.0
2022-08-06 12:00:00,528,23,leisure,public,street,0.9121,0.9121,0.0,0.0,0.0
2022-08-06 17:45:00,551,1,driving,,,0.9121,0.9119,-0.02,0.0,0.0
2022-08-06 18:00:00,552,8,home,home,home_detached,0.9119,0.9697,5.78,11.0,2.8893
2022-08-06 20:00:00,560,1,driving,,,0.9697,0.968,-0.17,0.0,0.0
2022-08-06 20:15:00,561,14,leisure,public,street,0.968,0.968,0.0,0.0,0.0
2022-08-06 23:45:00,575,3,driving,,,0.968,0.9312,-3.68,0.0,0.0
2022-08-07 00:30:00,578,94,home,home,home_detached,0.9312,1.0,6.88,11.0,2.1035
