timestamp,event_start,event_time,location,use_case,charging_use_case,soc_start,soc_end,energy,station_charging_capacity,average_charging_power
2022-08-01 00:00:00,0,31,leisure,public,street,0.7241,0.7241,0.0,0.0,0.0
2022-08-01 07:45:00,31,7,driving,,,0.7241,0.6945,-2.96,0.0,0.0
2022-08-01 09:30:00,38,2,shopping,public,retail,0.6945,0.6945,0.0,0.0,0.0
2022-08-01 10:00:00,40,1,driving,,,0.6945,0.6899,-0.46,0.0,0.0
2022-08-01 10:15:00,41,91,home,home,home_detached,0.6899,1.0,31.01,11.0,3.4351
2022-08-02 09:00:00,132,1,driving,,,1.0,0.9954,-0.46,0.0,0.0
2022-08-02 09:15:00,133,4,private,public,street,0.9954,0.9954,0.0,0.0,0.0
2022-08-02 10:15:00,137,15,driving,,,0.9954,0.8338,-16.16,0.0,0.0
2022-08-02 14:00:00,152,6,business,public,street,0.8338,0.8338,0.0,0.0,0.0
2022-08-02 15:30:00,158,1,driving,,,0.8338,0.8132,-2.06,0.0,0.0
2022-08-02 15:45:00,159,7,private,public,street,0.8132,0.8132,0.0,0.0,0.0
2022-08-02 17:30:00,166,5,driving,,,0.8132,0.7473,-6.59,0.0,0.0
2022-08-02 18:45:00,171,91,home,home,home_detached,0.7473,1.0,25.27,11.0,3.1996
2022-08-03 17:30:00,262,1,driving,,,1.0,0.9967,-0.33,0.0,0.0
2022-08-03 17:45:00,263,10,leisure,public,street,0.9967,0.9967,0.0,0.0,0.0
2022-08-03 20:15:00,273,6,driving,,,0.9967,0.9045,-9.22,0.0,0.0
2022-08-03 21:45:00,279,55,home,home,home_detached,0.9045,1.0,9.55,11.0,2.4541
2022-08-04 11:30:00,334,1,driving,,,1.0,0.9881,-1.19,0.0,0.0
2022-08-04 11:45:00,335,4,private,public,street,0.9881,0.9881,0.0,0.0,0.0
2022-08-04 12:45:00,339,1,driving,,,0.9881,0.9733,-1.48,0.0,0.0
2022-08-04 13:00:00,340,64,home,home,home_detached,0.9733,1.0,2.67,11.0,1.8015
2022-08-05 05:00:00,404,3,driving,,,1.0,0.9423,-5.77,0.0,0.0
2022-08-05 05:45:00,407,11,work,work,work,0.9423,0.9423,0.0,0.0,0.0
2022-08-05 08:30:00,418,1,driving,,,0.9423,0.9372,-0.51,0.0,0.0
2022-08-05 08:45:00,419,10,shopping,public,retail,0.9372,0.9372,0.0,0.0,0.0
2022-08-05 11:15:00,429,1,driving,,,0.9372,0.9254,-1.18,0.0,0.0
2022-08-05 11:30:00,430,79,home,home,home_detached,0.9254,1.0,7.46,11.0,2.1445
2022-08-06 07:15:00,509,1,driving,,,1.0,0.9943,-0.57,0.0,0.0
2022-08-06 07:30:00,510,25,shopping,public,retail,0.9943,0.9943,0.0,0.0,0.0
2022-08-06 13:45:00,535,2,driving,,,0.9943,0.9488,-4.55,0.0,0.0
2022-08-06 14:15:00,537,11,private,public,street,0.9488,0.9488,0.0,0.0,0.0
2022-08-06 17:00:00,548,2,driving,,,0.9488,0.9135,-3.53,0.0,0.0
2022-08-06 17:30:00,550,58,work,work,work,0.9135,0.9135,0.0,0.0,0.0
2022-08-07 08:00:00,608,4,driving,,,0.9135,0.8759,-3.76,0.0,0.0
2022-08-07 09:00:00,612,60,leisure,public,street,0.8759,0.8759,0.0,0.0,0.0
