timestamp,event_start,event_time,location,use_case,charging_use_case,soc_start,soc_end,energy,station_charging_capacity,average_charging_power
2022-08-01 00:00:00,0,28,home,home,home_detached,1.0,1.0,0.0,11.0,0.0
2022-08-01 07:00:00,28,3,driving,,,1.0,0.9023,-6.839,0.0,0.0
2022-08-01 07:45:00,31,24,work,work,work,0.9023,0.9023,0.0,0.0,0.0
2022-08-01 13:45:00,55,6,driving,,,0.9023,0.8397,-4.382,0.0,0.0
2022-08-01 15:15:00,61,3,private,public,street,0.8397,0.8397,0.0,0.0,0.0
2022-08-01 16:00:00,64,1,driving,,,0.8397,0.8199,-1.386,0.0,0.0
2022-08-01 16:15:00,65,55,home,home,home_detached,0.8199,1.0,12.607,11.0,3.1598
2022-08-02 06:00:00,120,12,driving,,,1.0,0.6838,-22.134,0.0,0.0
2022-08-02 09:00:00,132,2,work,work,work,0.6838,0.6838,0.0,0.0,0.0
2022-08-02 09:30:00,134,5,driving,,,0.6838,0.6302,-3.752,0.0,0.0
2022-08-02 10:45:00,139,13,home,home,home_detached,0.6302,0.9003,18.907,11.0,5.8172
2022-08-02 14:00:00,152,3,driving,,,0.9003,0.8751,-1.764,0.0,0.0
2022-08-02 14:45:00,155,5,private,public,street,0.8751,0.8751,0.0,0.0,0.0
2022-08-02 16:00:00,160,11,driving,,,0.8751,0.8071,-4.76,0.0,0.0
2022-08-02 18:45:00,171,81,home,home,home_detached,0.8071,1.0,13.503,11.0,3.2194
2022-08-03 15:00:00,252,9,driving,,,1.0,0.9517,-3.381,0.0,0.0
2022-08-03 17:15:00,261,3,private,public,street,0.9517,0.9517,0.0,0.0,0.0
2022-08-03 18:00:00,264,2,driving,,,0.9517,0.9438,-0.553,0.0,0.0
2022-08-03 18:30:00,266,10,leisure,public,street,0.9438,0.9438,0.0,0.0,0.0
2022-08-03 21:00:00,276,2,driving,,,0.9438,0.9151,-2.009,0.0,0.0
2022-08-03 21:30:00,278,31,home,home,home_detached,0.9151,1.0,5.943,11.0,2.2367
2022-08-04 05:15:00,309,5,driving,,,1.0,0.8916,-7.588,0.0,0.0
2022-08-04 06:30:00,314,34,work,work,work,0.8916,0.8916,0.0,0.0,0.0
2022-08-04 15:00:00,348,1,driving,,,0.8916,0.8826,-0.63,0.0,0.0
2022-08-04 15:15:00,349,11,business,public,street,0.8826,0.8826,0.0,0.0,0.0
2022-08-04 18:00:00,360,2,driving,,,0.8826,0.8414,-2.884,0.0,0.0
2022-08-04 18:30:00,362,96,home,home,home_detached,0.8414,1.0,11.102,11.0,2.9865
2022-08-05 18:30:00,458,1,driving,,,1.0,0.9871,-0.903,0.0,0.0
2022-08-05 18:45:00,459,14,shopping,public,retail,0.9871,0.9871,0.0,0.0,0.0
2022-08-05 22:15:00,473,2,driving,,,0.9871,0.9512,-2.513,0.0,0.0
2022-08-05 22:45:00,475,63,home,home,home_detached,0.9512,1.0,3.416,11.0,2.0226
2022-08-06 14:30:00,538,1,driving,,,1.0,0.9947,-0.371,0.0,0.0
2022-08-06 14:45:00,539,81,shopping,public,retail,0.9947,0.9947,0.0,0.0,0.0
2022-08-07 11:00:00,620,6,driving,,,0.9947,0.8026,-13.447,0.0,0.0
2022-08-07 12:30:00,626,10,leisure,public,street,0.8026,0.8026,0.0,0.0,0.0
2022-08-07 15:00:00,636,4,driving,,,0.8026,0.724,-5.502,0.0,0.0
2022-08-07 16:00:00,640,32,home,home,home_detached,0.724,1.0,19.32,11.0,3.7404
