timestamp,event_start,event_time,location,use_case,charging_use_case,soc_start,soc_end,energy,station_charging_capacity,average_charging_power
2022-08-01 00:00:00,0,27,leisure,public,street,0.9359,0.9359,0.0,0.0,0.0
2022-08-01 06:45:00,27,2,driving,,,0.9359,0.9025,-3.34,0.0,0.0
2022-08-01 07:15:00,29,31,work,work,work,0.9025,0.9025,0.0,0.0,0.0
2022-08-01 15:00:00,60,1,driving,,,0.9025,0.8994,-0.31,0.0,0.0
2022-08-01 15:15:00,61,62,home,home,home_detached,0.8994,1.0,10.06,11.0,2.5278
2022-08-02 06:45:00,123,2,driving,,,1.0,0.9569,-4.31,0.0,0.0
2022-08-02 07:15:00,125,6,work,work,work,0.9569,0.9569,0.0,0.0,0.0
2022-08-02 08:45:00,131,3,driving,,,0.9569,0.9362,-2.07,0.0,0.0
2022-08-02 09:30:00,134,9,private,public,street,0.9362,0.9362,0.0,0.0,0.0
2022-08-02 11:45:00,143,1,driving,,,0.9362,0.9243,-1.19,0.0,0.0
2022-08-02 12:00:00,144,23,home,home,home_detached,0.9243,1.0,7.57,11.0,2.2629
2022-08-02 17:45:00,167,3,driving,,,1.0,0.956,-4.4,0.0,0.0
2022-08-02 18:30:00,170,3,private,public,street,0.956,0.956,0.0,0.0,0.0
2022-08-02 19:15:00,173,1,driving,,,0.956,0.947,-0.9,0.0,0.0
2022-08-02 19:30:00,174,46,home,home,home_detached,0.947,1.0,5.3,11.0,2.0463
2022-08-03 07:00:00,220,3,driving,,,1.0,0.951,-4.9,0.0,0.0
2022-08-03 07:45:00,223,97,work,work,work,0.951,0.951,0.0,0.0,0.0
2022-08-04 08:00:00,320,1,driving,,,0.951,0.9435,-0.75,0.0,0.0
2022-08-04 08:15:00,321,3,private,public,street,0.9435,0.9435,0.0,0.0,0.0
2022-08-04 09:00:00,324,7,driving,,,0.9435,0.9035,-4.0,0.0,0.0
2022-08-04 10:45:00,331,1,shopping,public,retail,0.9035,0.9035,0.0,0.0,0.0
2022-08-04 11:00:00,332,2,driving,,,0.9035,0.8844,-1.91,0.0,0.0
2022-08-04 11:30:00,334,20,business,public,street,0.8844,0.8844,0.0,0.0,0.0
2022-08-04 16:30:00,354,2,driving,,,0.8844,0.8562,-2.82,0.0,0.0
2022-08-04 17:00:00,356,4,shopping,public,retail,0.8562,0.8562,0.0,0.0,0.0
2022-08-04 18:00:00,360,3,driving,,,0.8562,0.8327,-2.35,0.0,0.0
2022-08-04 18:45:00,363,46,private,public,street,0.8327,0.8327,0.0,0.0,0.0
2022-08-05 06:15:00,409,2,driving,,,0.8327,0.8158,-1.69,0.0,0.0
2022-08-05 06:45:00,411,15,work,work,work,0.8158,0.8158,0.0,0.0,0.0
2022-08-05 10:30:00,426,1,driving,,,0.8158,0.8141,-0.17,0.0,0.0
2022-08-05 10:45:00,427,93,home,home,home_detached,0.8141,1.0,18.59,11.0,3.1565
2022-08-06 10:00:00,520,1,driving,,,1.0,0.9915,-0.85,0.0,0.0
2022-08-06 10:15:00,521,31,shopping,public,retail,0.9915,0.9915,0.0,0.0,0.0
2022-08-06 18:00:00,552,2,driving,,,0.9915,0.9358,-5.57,0.0,0.0
2022-08-06 18:30:00,554,63,home,home,home_detached,0.9358,1.0,6.42,11.0,2.1827
2022-08-07 10:15:00,617,2,driving,,,1.0,0.9677,-3.23,0.0,0.0
2022-08-07 10:45:00,619,3,private,public,street,0.9677,0.9677,0.0,0.0,0.0
2022-08-07 11:30:00,622,3,driving,,,0.9677,0.928,-3.97,0.0,0.0
2022-08-07 12:15:00,625,47,home,home,home_detached,0.928,1.0,7.2,11.0,2.2561
