timestamp,event_start,event_time,location,use_case,charging_use_case,soc_start,soc_end,energy,station_charging_capacity,average_charging_power
2022-08-01 00:00:00,0,22,home,home,home_detached,1.0,1.0,0.0,11.0,0.0
2022-08-01 05:30:00,22,1,driving,,,1.0,0.9909,-0.637,0.0,0.0
2022-08-01 05:45:00,23,7,business,public,street,0.9909,0.9909,0.0,0.0,0.0
2022-08-01 07:30:00,30,17,driving,,,0.9909,0.8943,-6.762,0.0,0.0
2022-08-01 11:45:00,47,24,work,work,work,0.8943,0.8943,0.0,0.0,0.0
2022-08-01 17:45:00,71,2,driving,,,0.8943,0.8864,-0.553,0.0,0.0
2022-08-01 18:15:00,73,96,shopping,public,retail,0.8864,0.8864,0.0,0.0,0.0
2022-08-02 18:15:00,169,1,driving,,,0.8864,0.8828,-0.252,0.0,0.0
2022-08-02 18:30:00,170,58,home,home,home_detached,0.8828,1.0,8.204,11.0,2.458
2022-08-03 09:00:00,228,2,driving,,,1.0,0.9715,-1.995,0.0,0.0
2022-08-03 09:30:00,230,2,private,public,street,0.9715,0.9715,0.0,0.0,0.0
2022-08-03 10:00:00,232,2,driving,,,0.9715,0.9374,-2.387,0.0,0.0
2022-08-03 10:30:00,234,13,work,work,work,0.9374,0.9374,0.0,0.0,0.0
2022-08-03 13:45:00,247,2,driving,,,0.9374,0.9296,-0.546,0.0,0.0
2022-08-03 14:15:00,249,2,shopping,public,retail,0.9296,0.9296,0.0,0.0,0.0
2022-08-03 14:45:00,251,3,driving,,,0.9296,0.8993,-2.121,0.0,0.0
2022-08-03 15:30:00,254,2,private,public,street,0.8993,0.8993,0.0,0.0,0.0
2022-08-03 16:00:00,256,1,driving,,,0.8993,0.8977,-0.112,0.0,0.0
2022-08-03 16:15:00,257,61,leisure,public,street,0.8977,0.8977,0.0,0.0,0.0
2022-08-04 07:30:00,318,1,driving,,,0.8977,0.8722,-1.785,0.0,0.0
2022-08-04 07:45:00,319,7,business,public,street,0.8722,0.8722,0.0,0.0,0.0
2022-08-04 09:30:00,326,1,driving,,,0.8722,0.8633,-0.623,0.0,0.0
2022-08-04 09:45:00,327,2,shopping,public,retail,0.8633,0.8633,0.0,0.0,0.0
2022-08-04 10:15:00,329,1,driving,,,0.8633,0.8597,-0.252,0.0,0.0
2022-08-04 10:30:00,330,78,home,home,home_detached,0.8597,1.0,9.821,11.0,2.8405
2022-08-05 06:00:00,408,20,driving,,,1.0,0.8657,-9.401,0.0,0.0
2022-08-05 11:00:00,428,6,private,public,street,0.8657,0.8657,0.0,0.0,0.0
2022-08-05 12:30:00,434,1,driving,,,0.8657,0.8644,-0.091,0.0,0.0
2022-08-05 12:45:00,435,7,shopping,public,retail,0.8644,0.8644,0.0,0.0,0.0
2022-08-05 14:30:00,442,3,driving,,,0.8644,0.8545,-0.693,0.0,0.0
2022-08-05 15:15:00,445,79,private,public,street,0.8545,0.8545,0.0,0.0,0.0
2022-08-06 11:00:00,524,1,driving,,,0.8545,0.8466,-0.553,0.0,0.0
2022-08-06 11:15:00,525,7,business,public,street,0.8466,0.8466,0.0,0.0,0.0
2022-08-06 13:00:00,532,14,driving,,,0.8466,0.7905,-3.927,0.0,0.0
2022-08-06 16:30:00,546,9,private,public,street,0.7905,0.7905,0.0,0.0,0.0
2022-08-06 18:45:00,555,1,driving,,,0.7905,0.7881,-0.168,0.0,0.0
2022-08-06 19:00:00,556,88,home,home,home_detached,0.7881,1.0,14.833,11.0,3.3452
2022-08-07 17:00:00,644,1,driving,,,1.0,0.999,-0.07,0.0,0.0
2022-08-07 17:15:00,645,3,private,public,street,0.999,0.999,0.0,0.0,0.0
2022-08-07 18:00:00,648,1,driving,,,0.999,0.9894,-0.672,0.0,0.0
2022-08-07 18:15:00,649,23,home,home,home_detached,0.9894,1.0,0.742,11.0,1.6042
