timestamp,event_start,event_time,location,use_case,charging_use_case,soc_start,soc_end,energy,station_charging_capacity,average_charging_power
2022-08-01 00:00:00,0,21,leisure,public,street,0.9764,0.9764,0.0,0.0,0.0
2022-08-01 05:15:00,21,6,driving,,,0.9764,0.9506,-1.806,0.0,0.0
2022-08-01 06:45:00,27,9,work,work,work,0.9506,0.9506,0.0,0.0,0.0
2022-08-01 09:00:00,36,1,driving,,,0.9506,0.9487,-0.133,0.0,0.0
2022-08-01 09:15:00,37,9,private,public,street,0.9487,0.9487,0.0,0.0,0.0
2022-08-01 11:30:00,46,1,driving,,,0.9487,0.9458,-0.203,0.0,0.0
2022-08-01 11:45:00,47,3,leisure,public,street,0.9458,0.9458,0.0,0.0,0.0
2022-08-01 12:30:00,50,1,driving,,,0.9458,0.9418,-0.28,0.0,0.0
2022-08-01 12:45:00,51,12,shopping,public,retail,0.9418,0.9418,0.0,0.0,0.0
2022-08-01 15:45:00,63,1,driving,,,0.9418,0.9301,-0.819,0.0,0.0
2022-08-01 16:00:00,64,66,business,public,street,0.9301,0.9301,0.0,0.0,0.0
2022-08-02 08:30:00,130,39,driving,,,0.9301,0.8319,-6.874,0.0,0.0
2022-08-02 18:15:00,169,57,home,home,home_detached,0.8319,1.0,11.767,11.0,3.0167
2022-08-03 08:30:00,226,5,driving,,,1.0,0.9649,-2.457,0.0,0.0
2022-08-03 09:45:00,231,25,work,work,work,0.9649,0.9649,0.0,0.0,0.0
2022-08-03 16:00:00,256,2,driving,,,0.9649,0.9544,-0.735,0.0,0.0
2022-08-03 16:30:00,258,2,shopping,public,retail,0.9544,0.9544,0.0,0.0,0.0
2022-08-03 17:00:00,260,1,driving,,,0.9544,0.946,-0.588,0.0,0.0
2022-08-03 17:15:00,261,2,leisure,public,street,0.946,0.946,0.0,0.0,0.0
2022-08-03 17:45:00,263,1,driving,,,0.946,0.9425,-0.245,0.0,0.0
2022-08-03 18:00:00,264,15,shopping,public,retail,0.9425,0.9425,0.0,0.0,0.0
2022-08-03 21:45:00,279,3,driving,,,0.9425,0.9158,-1.869,0.0,0.0
2022-08-03 22:30:00,282,30,private,public,street,0.9158,0.9158,0.0,0.0,0.0
2022-08-04 06:00:00,312,1,driving,,,0.9158,0.9063,-0.665,0.0,0.0
2022-08-04 06:15:00,313,37,work,work,work,0.9063,0.9063,0.0,0.0,0.0
2022-08-04 15:30:00,350,1,driving,,,0.9063,0.8947,-0.812,0.0,0.0
2022-08-04 15:45:00,351,5,private,public,street,0.8947,0.8947,0.0,0.0,0.0
2022-08-04 17:00:00,356,1,driving,,,0.8947,0.8907,-0.28,0.0,0.0
2022-08-04 17:15:00,357,1,shopping,public,retail,0.8907,0.8907,0.0,0.0,0.0
2022-08-04 17:30:00,358,1,driving,,,0.8907,0.887,-0.259,0.0,0.0
2022-08-04 17:45:00,359,15,private,public,street,0.887,0.887,0.0,0.0,0.0
2022-08-04 21:30:00,374,1,driving,,,0.887,0.8855,-0.105,0.0,0.0
2022-08-04 21:45:00,375,123,leisure,public,street,0.8855,0.8855,0.0,0.0,0.0
2022-08-06 04:30:00,498,2,driving,,,0.8855,0.871,-1.015,0.0,0.0
2022-08-06 05:00:00,500,14,work,work,work,0.871,0.871,0.0,0.0,0.0
2022-08-06 08:30:00,514,1,driving,,,0.871,0.8697,-0.091,0.0,0.0
2022-08-06 08:45:00,515,82,home,home,home_detached,0.8697,1.0,9.121,11.0,2.712
2022-08-07 05:15:00,597,1,driving,,,1.0,0.9988,-0.084,0.0,0.0
2022-08-07 05:30:00,598,38,work,work,work,0.9988,0.9988,0.0,0.0,0.0
2022-08-07 15:00:00,636,4,driving,,,0.9988,0.9685,-2.121,0.0,0.0
2022-08-07 16:00:00,640,8,leisure,public,street,0.9685,0.9685,0.0,0.0,0.0
2022-08-07 18:00:00,648,1,driving,,,0.9685,0.9565,-0.84,0.0,0.0
2022-08-07 18:15:00,649,23,home,home,home_detached,0.9565,1.0,3.045,11.0,1.933
