timestamp,event_start,event_time,location,use_case,charging_use_case,soc_start,soc_end,energy,station_charging_capacity,average_charging_power
2022-08-01 00:00:00,0,37,home,home,home_detached,1.0,1.0,0.0,11.0,0.0
2022-08-01 09:15:00,37,1,driving,,,1.0,0.9882,-1.18,0.0,0.0
2022-08-01 09:30:00,38,5,private,public,street,0.9882,0.9882,0.0,0.0,0.0
2022-08-01 10:45:00,43,1,driving,,,0.9882,0.9858,-0.24,0.0,0.0
2022-08-01 11:00:00,44,8,leisure,public,street,0.9858,0.9858,0.0,0.0,0.0
2022-08-01 13:00:00,52,1,driving,,,0.9858,0.9809,-0.49,0.0,0.0
2022-08-01 13:15:00,53,65,home,home,home_detached,0.9809,1.0,1.91,11.0,1.6917
2022-08-02 05:30:00,118,2,driving,,,1.0,0.9838,-1.62,0.0,0.0
2022-08-02 06:00:00,120,39,work,work,work,0.9838,0.9838,0.0,0.0,0.0
2022-08-02 15:45:00,159,1,driving,,,0.9838,0.9823,-0.15,0.0,0.0
2022-08-02 16:00:00,160,2,shopping,public,retail,0.9823,0.9823,0.0,0.0,0.0
2022-08-02 16:30:00,162,2,driving,,,0.9823,0.9636,-1.87,0.0,0.0
2022-08-02 17:00:00,164,42,home,home,home_detached,0.9636,1.0,3.64,11.0,1.8952
2022-08-03 03:30:00,206,1,driving,,,1.0,0.9779,-2.21,0.0,0.0
2022-08-03 03:45:00,207,21,work,work,work,0.9779,0.9779,0.0,0.0,0.0
2022-08-03 09:00:00,228,1,driving,,,0.9779,0.9744,-0.35,0.0,0.0
2022-08-03 09:15:00,229,45,leisure,public,street,0.9744,0.9744,0.0,0.0,0.0
2022-08-03 20:30:00,274,2,driving,,,0.9744,0.9635,-1.09,0.0,0.0
2022-08-03 21:00:00,276,39,home,home,home_detached,0.9635,1.0,3.65,11.0,1.8962
2022-08-04 06:45:00,315,3,driving,,,1.0,0.9874,-1.26,0.0,0.0
2022-08-04 07:30:00,318,30,school,public,street,0.9874,0.9874,0.0,0.0,0.0
2022-08-04 15:00:00,348,2,driving,,,0.9874,0.9771,-1.03,0.0,0.0
2022-08-04 15:30:00,350,13,work,work,work,0.9771,0.9771,0.0,0.0,0.0
2022-08-04 18:45:00,363,1,driving,,,0.9771,0.9734,-0.37,0.0,0.0
2022-08-04 19:00:00,364,11,private,public,street,0.9734,0.9734,0.0,0.0,0.0
2022-08-04 21:45:00,375,1,driving,,,0.9734,0.9714,-0.2,0.0,0.0
2022-08-04 22:00:00,376,68,home,home,home_detached,0.9714,1.0,2.86,11.0,1.7946
2022-08-05 15:00:00,444,1,driving,,,1.0,0.9977,-0.23,0.0,0.0
2022-08-05 15:15:00,445,6,business,public,street,0.9977,0.9977,0.0,0.0,0.0
2022-08-05 16:45:00,451,2,driving,,,0.9977,0.9789,-1.88,0.0,0.0
2022-08-05 17:15:00,453,90,home,home,home_detached,0.9789,1.0,2.11,11.0,1.6902
2022-08-06 15:45:00,543,10,driving,,,1.0,0.9641,-3.59,0.0,0.0
2022-08-06 18:15:00,553,4,private,public,street,0.9641,0.9641,0.0,0.0,0.0
2022-08-06 19:15:00,557,24,driving,,,0.9641,0.8807,-8.34,0.0,0.0
2022-08-07 01:15:00,581,29,leisure,public,street,0.8807,0.8807,0.0,0.0,0.0
2022-08-07 08:30:00,610,5,driving,,,0.8807,0.8639,-1.68,0.0,0.0
2022-08-07 09:45:00,615,57,home,home,home_detached,0.8639,1.0,13.61,11.0,2.6084
