timestamp,event_start,event_time,location,use_case,charging_use_case,soc_start,soc_end,energy,station_charging_capacity,average_charging_power
2022-08-01 00:00:00,0,33,home,home,home_detached,1.0,1.0,0.0,11.0,0.0
2022-08-01 08:15:00,33,2,driving,,,1.0,0.9782,-2.18,0.0,0.0
2022-08-01 08:45:00,35,37,work,work,work,0.9782,0.9782,0.0,0.0,0.0
2022-08-01 18:00:00,72,1,driving,,,0.9782,0.9599,-1.83,0.0,0.0
2022-08-01 18:15:00,73,45,home,home,home_detached,0.9599,1.0,4.01,11.0,1.8679
2022-08-02 05:30:00,118,2,driving,,,1.0,0.9861,-1.39,0.0,0.0
2022-08-02 06:00:00,120,52,work,work,work,0.9861,0.9861,0.0,0.0,0.0
2022-08-02 19:00:00,172,1,driving,,,0.9861,0.9759,-1.02,0.0,0.0
2022-08-02 19:15:00,173,63,home,home,home_detached,0.9759,1.0,2.41,11.0,1.7087
2022-08-03 11:00:00,236,2,driving,,,1.0,0.9717,-2.83,0.0,0.0
2022-08-03 11:30:00,238,74,private,public,street,0.9717,0.9717,0.0,0.0,0.0
2022-08-04 06:00:00,312,2,driving,,,0.9717,0.947,-2.47,0.0,0.0
2022-08-04 06:30:00,314,40,work,work,work,0.947,0.947,0.0,0.0,0.0
2022-08-04 16:30:00,354,8,driving,,,0.947,0.917,-3.0,0.0,0.0
2022-08-04 18:30:00,362,6,shopping,public,retail,0.917,0.917,0.0,0.0,0.0
2022-08-04 20:00:00,368,2,driving,,,0.917,0.9027,-1.43,0.0,0.0
2022-08-04 20:30:00,370,38,home,home,home_detached,0.9027,1.0,9.73,11.0,2.4793
2022-08-05 06:00:00,408,1,driving,,,1.0,0.9999,-0.01,0.0,0.0
2022-08-05 06:15:00,409,39,work,work,work,0.9999,0.9999,0.0,0.0,0.0
2022-08-05 16:00:00,448,1,driving,,,0.9999,0.9897,-1.02,0.0,0.0
2022-08-05 16:15:00,449,55,home,home,home_detached,0.9897,1.0,1.03,11.0,1.5929
2022-08-06 06:00:00,504,3,driving,,,1.0,0.9664,-3.36,0.0,0.0
2022-08-06 06:45:00,507,8,work,work,work,0.9664,0.9664,0.0,0.0,0.0
2022-08-06 08:45:00,515,1,driving,,,0.9664,0.9489,-1.75,0.0,0.0
2022-08-06 09:00:00,516,102,leisure,public,street,0.9489,0.9489,0.0,0.0,0.0
2022-08-07 10:30:00,618,1,driving,,,0.9489,0.9455,-0.34,0.0,0.0
2022-08-07 10:45:00,619,7,private,public,street,0.9455,0.9455,0.0,0.0,0.0
2022-08-07 12:30:00,626,1,driving,,,0.9455,0.9444,-0.11,0.0,0.0
2022-08-07 12:45:00,627,3,home,home,home_detached,0.9444,0.9641,1.97,11.0,2.6255
2022-08-07 13:30:00,630,1,driving,,,0.9641,0.9574,-0.67,0.0,0.0
2022-08-07 13:45:00,631,1,private,public,street,0.9574,0.9574,0.0,0.0,0.0
2022-08-07 14:00:00,632,1,driving,,,0.9574,0.9573,-0.01,0.0,0.0
2022-08-07 14:15:00,633,13,leisure,public,street,0.9573,0.9573,0.0,0.0,0.0
2022-08-07 17:30:00,646,3,driving,,,0.9573,0.9117,-4.56,0.0,0.0
2022-08-07 18:15:00,649,23,home,home,home_detached,0.9117,1.0,8.83,11.0,2.401
