timestamp,event_start,event_time,location,use_case,charging_use_case,soc_start,soc_end,energy,station_charging_capacity,average_charging_power
2022-08-01 00:00:00,0,26,home,home,home_detached,1.0,1.0,0.0,11.0,0.0
2022-08-01 06:30:00,26,1,driving,,,1.0,0.9843,-1.099,0.0,0.0
2022-08-01 06:45:00,27,18,work,work,work,0.9843,0.9843,0.0,0.0,0.0
2022-08-01 11:15:00,45,14,driving,,,0.9843,0.9522,-2.247,0.0,0.0
2022-08-01 14:45:00,59,9,home,home,home_detached,0.9522,1.0,3.346,11.0,2.0054
2022-08-01 17:00:00,68,22,driving,,,1.0,0.4034,-41.762,0.0,0.0
2022-08-01 22:30:00,90,32,leisure,public,street,0.4034,0.4034,0.0,0.0,0.0
2022-08-02 06:30:00,122,4,driving,,,0.4034,0.3613,-2.947,0.0,0.0
2022-08-02 07:30:00,126,18,work,work,work,0.3613,0.3613,0.0,0.0,0.0
2022-08-02 12:00:00,144,1,driving,,,0.3613,0.3575,-0.266,0.0,0.0
2022-08-02 12:15:00,145,5,shopping,public,retail,0.3575,0.3575,0.0,0.0,0.0
2022-08-02 13:30:00,150,2,driving,,,0.3575,0.3217,-2.506,0.0,0.0
2022-08-02 14:00:00,152,71,home,home,home_detached,0.3217,1.0,47.481,11.0,5.648
2022-08-03 07:45:00,223,10,driving,,,1.0,0.9543,-3.199,0.0,0.0
2022-08-03 10:15:00,233,29,work,work,work,0.9543,0.9543,0.0,0.0,0.0
2022-08-03 17:30:00,262,1,driving,,,0.9543,0.9506,-0.259,0.0,0.0
2022-08-03 17:45:00,263,57,home,home,home_detached,0.9506,1.0,3.458,11.0,2.0331
2022-08-04 08:00:00,320,1,driving,,,1.0,0.9974,-0.182,0.0,0.0
2022-08-04 08:15:00,321,23,work,work,work,0.9974,0.9974,0.0,0.0,0.0
2022-08-04 14:00:00,344,5,driving,,,0.9974,0.953,-3.108,0.0,0.0
2022-08-04 15:15:00,349,89,home,home,home_detached,0.953,1.0,3.29,11.0,1.9224
2022-08-05 13:30:00,438,1,driving,,,1.0,0.9969,-0.217,0.0,0.0
2022-08-05 13:45:00,439,6,private,public,street,0.9969,0.9969,0.0,0.0,0.0
2022-08-05 15:15:00,445,2,driving,,,0.9969,0.9845,-0.868,0.0,0.0
2022-08-05 15:45:00,447,64,home,home,home_detached,0.9845,1.0,1.085,11.0,1.6472
2022-08-06 07:45:00,511,1,driving,,,1.0,0.9898,-0.714,0.0,0.0
2022-08-06 08:00:00,512,5,private,public,street,0.9898,0.9898,0.0,0.0,0.0
2022-08-06 09:15:00,517,3,driving,,,0.9898,0.9526,-2.604,0.0,0.0
2022-08-06 10:00:00,520,6,leisure,public,street,0.9526,0.9526,0.0,0.0,0.0
2022-08-06 11:30:00,526,1,driving,,,0.9526,0.9524,-0.014,0.0,0.0
2022-08-06 11:45:00,527,1,shopping,public,retail,0.9524,0.9524,0.0,0.0,0.0
2022-08-06 12:00:00,528,4,driving,,,0.9524,0.8587,-6.559,0.0,0.0
2022-08-06 13:00:00,532,15,home,home,home_detached,0.8587,1.0,9.891,11.0,2.8521
2022-08-06 16:45:00,547,3,driving,,,1.0,0.9787,-1.491,0.0,0.0
2022-08-06 17:30:00,550,7,private,public,street,0.9787,0.9787,0.0,0.0,0.0
2022-08-06 19:15:00,557,1,driving,,,0.9787,0.9737,-0.35,0.0,0.0
2022-08-06 19:30:00,558,66,home,home,home_detached,0.9737,1.0,1.841,11.0,1.7478
2022-08-07 12:00:00,624,2,driving,,,1.0,0.9663,-2.359,0.0,0.0
2022-08-07 12:30:00,626,9,work,work,work,0.9663,0.9663,0.0,0.0,0.0
2022-08-07 14:45:00,635,3,driving,,,0.9663,0.9384,-1.953,0.0,0.0
2022-08-07 15:30:00,638,34,leisure,public,street,0.9384,0.9384,0.0,0.0,0.0
