timestamp,event_start,event_time,location,use_case,charging_use_case,soc_start,soc_end,energy,station_charging_capacity,average_charging_power
2022-08-01 00:00:00,0,27,leisure,public,street,0.9628,0.9628,0.0,0.0,0.0
2022-08-01 06:45:00,27,1,driving,,,0.9628,0.9556,-0.72,0.0,0.0
2022-08-01 07:00:00,28,26,school,public,street,0.9556,0.9556,0.0,0.0,0.0
2022-08-01 13:30:00,54,1,driving,,,0.9556,0.9457,-0.99,0.0,0.0
2022-08-01 13:45:00,55,13,leisure,public,street,0.9457,0.9457,0.0,0.0,0.0
2022-08-01 17:00:00,68,2,driving,,,0.9457,0.9199,-2.58,0.0,0.0
2022-08-01 17:30:00,70,3,private,public,street,0.9199,0.9199,0.0,0.0,0.0
2022-08-01 18:15:00,73,2,driving,,,0.9199,0.9002,-1.97,0.0,0.0
2022-08-01 18:45:00,75,48,leisure,public,street,0.9002,0.9002,0.0,0.0,0.0
2022-08-02 06:45:00,123,3,driving,,,0.9002,0.8607,-3.95,0.0,0.0
2022-08-02 07:30:00,126,40,work,work,work,0.8607,0.8607,0.0,0.0,0.0
2022-08-02 17:30:00,166,1,driving,,,0.8607,0.8582,-0.25,0.0,0.0
2022-08-02 17:45:00,167,5,shopping,public,retail,0.8582,0.8582,0.0,0.0,0.0
2022-08-02 19:00:00,172,1,driving,,,0.8582,0.845,-1.32,0.0,0.0
2022-08-02 19:15:00,173,39,leisure,public,street,0.845,0.845,0.0,0.0,0.0
2022-08-03 05:00:00,212,5,driving,,,0.845,0.8338,-1.12,0.0,0.0
2022-08-03 06:15:00,217,53,home,home,home_detached,0.8338,1.0,16.62,11.0,2.7518
2022-08-03 19:30:00,270,1,driving,,,1.0,0.9999,-0.01,0.0,0.0
2022-08-03 19:45:00,271,36,private,public,street,0.9999,0.9999,0.0,0.0,0.0
2022-08-04 04:45:00,307,1,driving,,,0.9999,0.9909,-0.9,0.0,0.0
2022-08-04 05:00:00,308,12,work,work,work,0.9909,0.9909,0.0,0.0,0.0
2022-08-04 08:00:00,320,1,driving,,,0.9909,0.99,-0.09,0.0,0.0
2022-08-04 08:15:00,321,2,private,public,street,0.99,0.99,0.0,0.0,0.0
2022-08-04 08:45:00,323,2,driving,,,0.99,0.9426,-4.74,0.0,0.0
2022-08-04 09:15:00,325,14,business,public,street,0.9426,0.9426,0.0,0.0,0.0
2022-08-04 12:45:00,339,1,driving,,,0.9426,0.9335,-0.91,0.0,0.0
2022-08-04 13:00:00,340,2,shopping,public,retail,0.9335,0.9335,0.0,0.0,0.0
2022-08-04 13:30:00,342,7,driving,,,0.9335,0.8523,-8.12,0.0,0.0
2022-08-04 15:15:00,349,58,business,public,street,0.8523,0.8523,0.0,0.0,0.0
2022-08-05 05:45:00,407,1,driving,,,0.8523,0.8384,-1.39,0.0,0.0
2022-08-05 06:00:00,408,22,work,work,work,0.8384,0.8384,0.0,0.0,0.0
2022-08-05 11:30:00,430,2,driving,,,0.8384,0.8184,-2.0,0.0,0.0
2022-08-05 12:00:00,432,1,private,public,street,0.8184,0.8184,0.0,0.0,0.0
2022-08-05 12:15:00,433,1,driving,,,0.8184,0.8133,-0.51,0.0,0.0
2022-08-05 12:30:00,434,78,home,home,home_detached,0.8133,1.0,18.67,11.0,3.1666
2022-08-06 08:00:00,512,1,driving,,,1.0,0.9981,-0.19,0.0,0.0
2022-08-06 08:15:00,513,7,shopping,public,retail,0.9981,0.9981,0.0,0.0,0.0
2022-08-06 10:00:00,520,2,driving,,,0.9981,0.9822,-1.59,0.0,0.0
2022-08-06 10:30:00,522,1,private,public,street,0.9822,0.9822,0.0,0.0,0.0
2022-08-06 10:45:00,523,1,driving,,,0.9822,0.9781,-0.41,0.0,0.0
2022-08-06 11:00:00,524,90,home,home,home_detached,0.9781,1.0,2.19,11.0,1.7093
2022-08-07 09:30:00,614,24,driving,,,1.0,0.8732,-12.68,0.0,0.0
2022-08-07 15:30:00,638,12,leisure,public,street,0.8732,0.8732,0.0,0.0,0.0
2022-08-07 18:30:00,650,1,driving,,,0.8732,0.8681,-0.51,0.0,0.0
2022-08-07 18:45:00,651,21,home,home,home_detached,0.8681,1.0,13.19,11.0,2.7887
