timestamp,event_start,event_time,location,use_case,charging_use_case,soc_start,soc_end,energy,station_charging_capacity,average_charging_power
2022-08-01 00:00:00,0,25,home,home,home_detached,1.0,1.0,0.0,11.0,0.0
2022-08-01 06:15:00,25,2,driving,,,1.0,0.9841,-1.59,0.0,0.0
2022-08-01 06:45:00,27,18,work,work,work,0.9841,0.9841,0.0,0.0,0.0
2022-08-01 11:15:00,45,1,driving,,,0.9841,0.978,-0.61,0.0,0.0
2022-08-01 11:30:00,46,86,home,home,home_detached,0.978,1.0,2.2,11.0,1.7071
2022-08-02 09:00:00,132,3,driving,,,1.0,0.9595,-4.05,0.0,0.0
2022-08-02 09:45:00,135,9,work,work,work,0.9595,0.9595,0.0,0.0,0.0
2022-08-02 12:00:00,144,2,driving,,,0.9595,0.9392,-2.03,0.0,0.0
2022-08-02 12:30:00,146,72,home,home,home_detached,0.9392,1.0,6.08,11.0,2.1271
2022-08-03 06:30:00,218,3,driving,,,1.0,0.9743,-2.57,0.0,0.0
2022-08-03 07:15:00,221,99,work,work,work,0.9743,0.9743,0.0,0.0,0.0
2022-08-04 08:00:00,320,1,driving,,,0.9743,0.9501,-2.42,0.0,0.0
2022-08-04 08:15:00,321,3,private,public,street,0.9501,0.9501,0.0,0.0,0.0
2022-08-04 09:00:00,324,11,driving,,,0.9501,0.9261,-2.4,0.0,0.0
2022-08-04 11:45:00,335,3,shopping,public,retail,0.9261,0.9261,0.0,0.0,0.0
2022-08-04 12:30:00,338,1,driving,,,0.9261,0.9023,-2.38,0.0,0.0
2022-08-04 12:45:00,339,75,work,work,work,0.9023,0.9023,0.0,0.0,0.0
2022-08-05 07:30:00,414,1,driving,,,0.9023,0.9014,-0.09,0.0,0.0
2022-08-05 07:45:00,415,29,school,public,street,0.9014,0.9014,0.0,0.0,0.0
2022-08-05 15:00:00,444,1,driving,,,0.9014,0.8981,-0.33,0.0,0.0
2022-08-05 15:15:00,445,67,leisure,public,street,0.8981,0.8981,0.0,0.0,0.0
2022-08-06 08:00:00,512,1,driving,,,0.8981,0.889,-0.91,0.0,0.0
2022-08-06 08:15:00,513,7,shopping,public,retail,0.889,0.889,0.0,0.0,0.0
2022-08-06 10:00:00,520,1,driving,,,0.889,0.8881,-0.09,0.0,0.0
2022-08-06 10:15:00,521,3,private,public,street,0.8881,0.8881,0.0,0.0,0.0
2022-08-06 11:00:00,524,1,driving,,,0.8881,0.886,-0.21,0.0,0.0
2022-08-06 11:15:00,525,28,home,home,home_detached,0.886,1.0,11.4,11.0,2.6051
2022-08-06 18:15:00,553,1,driving,,,1.0,0.9993,-0.07,0.0,0.0
2022-08-06 18:30:00,554,3,shopping,public,retail,0.9993,0.9993,0.0,0.0,0.0
2022-08-06 19:15:00,557,1,driving,,,0.9993,0.9982,-0.11,0.0,0.0
2022-08-06 19:30:00,558,57,home,home,home_detached,0.9982,1.0,0.18,11.0,1.4896
2022-08-07 09:45:00,615,4,driving,,,1.0,0.9833,-1.67,0.0,0.0
2022-08-07 10:45:00,619,11,private,public,street,0.9833,0.9833,0.0,0.0,0.0
2022-08-07 13:30:00,630,2,driving,,,0.9833,0.9658,-1.75,0.0,0.0
2022-08-07 14:00:00,632,10,leisure,public,street,0.9658,0.9658,0.0,0.0,0.0
2022-08-07 16:30:00,642,14,driving,,,0.9658,0.653,-31.28,0.0,0.0
2022-08-07 20:00:00,656,16,home,home,home_detached,0.653,0.8867,23.37,11.0,5.8443
