timestamp,event_start,event_time,location,use_case,charging_use_case,soc_start,soc_end,energy,station_charging_capacity,average_charging_power
2022-08-01 00:00:00,0,48,leisure,public,street,0.9847,0.9847,0.0,0.0,0.0
2022-08-01 12:00:00,48,2,driving,,,0.9847,0.9816,-0.31,0.0,0.0
2022-08-01 12:30:00,50,71,home,home,home_detached,0.9816,1.0,1.84,11.0,1.6806
2022-08-02 06:15:00,121,2,driving,,,1.0,0.9625,-3.75,0.0,0.0
2022-08-02 06:45:00,123,15,work,work,work,0.9625,0.9625,0.0,0.0,0.0
2022-08-02 10:30:00,138,3,driving,,,0.9625,0.9109,-5.16,0.0,0.0
2022-08-02 11:15:00,141,5,shopping,public,retail,0.9109,0.9109,0.0,0.0,0.0
2022-08-02 12:30:00,146,2,driving,,,0.9109,0.8765,-3.44,0.0,0.0
2022-08-02 13:00:00,148,73,home,home,home_detached,0.8765,1.0,12.35,11.0,2.6781
2022-08-03 07:15:00,221,1,driving,,,1.0,0.9998,-0.02,0.0,0.0
2022-08-03 07:30:00,222,3,business,public,street,0.9998,0.9998,0.0,0.0,0.0
2022-08-03 08:15:00,225,3,driving,,,0.9998,0.9752,-2.46,0.0,0.0
2022-08-03 09:00:00,228,2,shopping,public,retail,0.9752,0.9752,0.0,0.0,0.0
2022-08-03 09:30:00,230,2,driving,,,0.9752,0.9444,-3.08,0.0,0.0
2022-08-03 10:00:00,232,30,private,public,street,0.9444,0.9444,0.0,0.0,0.0
2022-08-03 17:30:00,262,1,driving,,,0.9444,0.9378,-0.66,0.0,0.0
2022-08-03 17:45:00,263,22,leisure,public,street,0.9378,0.9378,0.0,0.0,0.0
2022-08-03 23:15:00,285,3,driving,,,0.9378,0.9134,-2.44,0.0,0.0
2022-08-04 00:00:00,288,55,home,home,home_detached,0.9134,1.0,8.66,11.0,2.3757
2022-08-04 13:45:00,343,9,driving,,,1.0,0.9759,-2.41,0.0,0.0
2022-08-04 16:00:00,352,46,leisure,public,street,0.9759,0.9759,0.0,0.0,0.0
2022-08-05 03:30:00,398,9,driving,,,0.9759,0.9236,-5.23,0.0,0.0
2022-08-05 05:45:00,407,33,work,work,work,0.9236,0.9236,0.0,0.0,0.0
2022-08-05 14:00:00,440,1,driving,,,0.9236,0.9169,-0.67,0.0,0.0
2022-08-05 14:15:00,441,15,private,public,street,0.9169,0.9169,0.0,0.0,0.0
2022-08-05 18:00:00,456,1,driving,,,0.9169,0.9148,-0.21,0.0,0.0
2022-08-05 18:15:00,457,49,home,home,home_detached,0.9148,1.0,8.52,11.0,2.2463
2022-08-06 06:30:00,506,4,driving,,,1.0,0.9709,-2.91,0.0,0.0
2022-08-06 07:30:00,510,18,private,public,street,0.9709,0.9709,0.0,0.0,0.0
2022-08-06 12:00:00,528,2,driving,,,0.9709,0.9496,-2.13,0.0,0.0
2022-08-06 12:30:00,530,72,home,home,home_detached,0.9496,1.0,5.04,11.0,2.0506
2022-08-07 06:30:00,602,5,driving,,,1.0,0.9563,-4.37,0.0,0.0
2022-08-07 07:45:00,607,15,leisure,public,street,0.9563,0.9563,0.0,0.0,0.0
2022-08-07 11:30:00,622,1,driving,,,0.9563,0.9487,-0.76,0.0,0.0
2022-08-07 11:45:00,623,1,private,public,street,0.9487,0.9487,0.0,0.0,0.0
2022-08-07 12:00:00,624,1,driving,,,0.9487,0.9396,-0.91,0.0,0.0
2022-08-07 12:15:00,625,11,home,home,home_detached,0.9396,0.9993,5.97,11.0,2.1728
2022-08-07 15:00:00,636,4,driving,,,0.9993,0.9577,-4.16,0.0,0.0
2022-08-07 16:00:00,640,32,leisure,public,street,0.9577,0.9577,0.0,0.0,0.0
