timestamp,event_start,event_time,location,use_case,charging_use_case,soc_start,soc_end,energy,station_charging_capacity,average_charging_power
2022-08-01 00:00:00,0,56,home,home,home_detached,1.0,1.0,0.0,11.0,0.0
2022-08-01 14:00:00,56,9,driving,,,1.0,0.9548,-3.164,0.0,0.0
2022-08-01 16:15:00,65,9,leisure,public,street,0.9548,0.9548,0.0,0.0,0.0
2022-08-01 18:30:00,74,5,driving,,,0.9548,0.8771,-5.439,0.0,0.0
2022-08-01 19:45:00,79,69,home,home,home_detached,0.8771,1.0,8.603,11.0,2.6928
2022-08-02 13:00:00,148,1,driving,,,1.0,0.9818,-1.274,0.0,0.0
2022-08-02 13:15:00,149,3,private,public,street,0.9818,0.9818,0.0,0.0,0.0
2022-08-02 14:00:00,152,1,driving,,,0.9818,0.9792,-0.182,0.0,0.0
2022-08-02 14:15:00,153,71,home,home,home_detached,0.9792,1.0,1.456,11.0,1.6993
2022-08-03 08:00:00,224,9,driving,,,1.0,0.8801,-8.393,0.0,0.0
2022-08-03 10:15:00,233,8,work,work,work,0.8801,0.8801,0.0,0.0,0.0
2022-08-03 12:15:00,241,9,driving,,,0.8801,0.8136,-4.655,0.0,0.0
2022-08-03 14:30:00,250,62,home,home,home_detached,0.8136,1.0,13.048,11.0,3.146
2022-08-04 06:00:00,312,1,driving,,,1.0,0.9867,-0.931,0.0,0.0
2022-08-04 06:15:00,313,24,work,work,work,0.9867,0.9867,0.0,0.0,0.0
2022-08-04 12:15:00,337,1,driving,,,0.9867,0.9841,-0.182,0.0,0.0
2022-08-04 12:30:00,338,70,home,home,home_detached,0.9841,1.0,1.113,11.0,1.6549
2022-08-05 06:00:00,408,3,driving,,,1.0,0.9861,-0.973,0.0,0.0
2022-08-05 06:45:00,411,15,business,public,street,0.9861,0.9861,0.0,0.0,0.0
2022-08-05 10:30:00,426,8,driving,,,0.9861,0.9234,-4.389,0.0,0.0
2022-08-05 12:30:00,434,2,private,public,street,0.9234,0.9234,0.0,0.0,0.0
2022-08-05 13:00:00,436,3,driving,,,0.9234,0.8815,-2.933,0.0,0.0
2022-08-05 13:45:00,439,3,home,home,home_detached,0.8815,0.922,2.835,11.0,3.7835
2022-08-05 14:30:00,442,3,driving,,,0.922,0.903,-1.33,0.0,0.0
2022-08-05 15:15:00,445,10,shopping,public,retail,0.903,0.903,0.0,0.0,0.0
2022-08-05 17:45:00,455,3,driving,,,0.903,0.8758,-1.904,0.0,0.0
2022-08-05 18:30:00,458,55,home,home,home_detached,0.8758,1.0,8.694,11.0,2.7107
2022-08-06 08:15:00,513,1,driving,,,1.0,0.994,-0.42,0.0,0.0
2022-08-06 08:30:00,514,4,shopping,public,retail,0.994,0.994,0.0,0.0,0.0
2022-08-06 09:30:00,518,3,driving,,,0.994,0.9711,-1.603,0.0,0.0
2022-08-06 10:15:00,521,9,work,work,work,0.9711,0.9711,0.0,0.0,0.0
2022-08-06 12:30:00,530,5,driving,,,0.9711,0.8515,-8.372,0.0,0.0
2022-08-06 13:45:00,535,10,leisure,public,street,0.8515,0.8515,0.0,0.0,0.0
2022-08-06 16:15:00,545,2,driving,,,0.8515,0.8452,-0.441,0.0,0.0
2022-08-06 16:45:00,547,72,home,home,home_detached,0.8452,1.0,10.836,11.0,2.9386
2022-08-07 10:45:00,619,5,driving,,,1.0,0.9534,-3.262,0.0,0.0
2022-08-07 12:00:00,624,8,leisure,public,street,0.9534,0.9534,0.0,0.0,0.0
2022-08-07 14:00:00,632,4,driving,,,0.9534,0.9152,-2.674,0.0,0.0
2022-08-07 15:00:00,636,36,home,home,home_detached,0.9152,1.0,5.936,11.0,2.3873
