timestamp,event_start,event_time,location,use_case,charging_use_case,soc_start,soc_end,energy,station_charging_capacity,average_charging_power
2022-08-01 00:00:00,0,35,home,home,home_detached,0.9914,1.0,0.6016,11.0,0.06875428571428571
2022-08-01 08:45:00,35,6,driving,,,1.0,0.9767,-1.63100004196167,0.0,0.0
2022-08-01 10:15:00,41,11,private,public,street,0.9767,0.9767,0.0,0.0,0.0
2022-08-01 13:00:00,52,1,driving,,,0.9767,0.952,-1.7289999723434448,0.0,0.0
2022-08-01 13:15:00,53,69,home,home,home_detached,0.952,1.0,3.359999895095825,11.0,2.00819993019104
2022-08-02 06:30:00,122,2,driving,,,1.0,0.9867,-0.9309999942779541,0.0,0.0
2022-08-02 07:00:00,124,36,work,work,work,0.9867,0.9867,0.0,0.0,0.0
2022-08-02 16:00:00,160,3,driving,,,0.9867,0.9472,-2.765000104904175,0.0,0.0
2022-08-02 16:45:00,163,20,home,home,home_detached,0.9472,1.0,3.696000099182129,11.0,2.024899959564209
2022-08-02 21:45:00,183,5,driving,,,1.0,0.9656,-2.4079999923706055,0.0,0.0
2022-08-02 23:00:00,188,26,business,public,street,0.9656,0.9656,0.0,0.0,0.0
2022-08-03 05:30:00,214,1,driving,,,0.9656,0.9426,-1.6100000143051147,0.0,0.0
2022-08-03 05:45:00,215,39,work,work,work,0.9426,0.9426,0.0,0.0,0.0
2022-08-03 15:30:00,254,1,driving,,,0.9426,0.9278,-1.0360000133514404,0.0,0.0
2022-08-03 15:45:00,255,55,home,home,home_detached,0.9278,1.0,5.053999900817871,11.0,2.2676000595092773
2022-08-04 05:30:00,310,3,driving,,,1.0,0.9687,-2.190999984741211,0.0,0.0
2022-08-04 06:15:00,313,42,work,work,work,0.9687,0.9687,0.0,0.0,0.0
2022-08-04 16:45:00,355,12,driving,,,0.9687,0.93,-2.7090001106262207,0.0,0.0
2022-08-04 19:45:00,367,6,shopping,public,retail,0.93,0.93,0.0,0.0,0.0
2022-08-04 21:15:00,373,5,driving,,,0.93,0.8051,-8.743000030517578,0.0,0.0
2022-08-04 22:30:00,378,28,leisure,public,street,0.8051,0.8051,0.0,0.0,0.0
2022-08-05 05:30:00,406,6,driving,,,0.8051,0.7606,-3.115000009536743,0.0,0.0
2022-08-05 07:00:00,412,40,work,work,work,0.7606,0.7606,0.0,0.0,0.0
2022-08-05 17:00:00,452,3,driving,,,0.7606,0.7322,-1.9880000352859497,0.0,0.0
2022-08-05 17:45:00,455,72,home,home,home_detached,0.7322,1.0,18.746000289916992,11.0,3.7513999938964844
2022-08-06 11:45:00,527,1,driving,,,1.0,0.9962,-0.26600000262260437,0.0,0.0
2022-08-06 12:00:00,528,2,shopping,public,retail,0.9962,0.9962,0.0,0.0,0.0
2022-08-06 12:30:00,530,1,driving,,,0.9962,0.9961,-0.007000000216066837,0.0,0.0
2022-08-06 12:45:00,531,3,home,home,home_detached,0.9961,1.0,0.27300000190734863,11.0,1.513200044631958
2022-08-06 13:30:00,534,1,driving,,,1.0,0.9926,-0.5180000066757202,0.0,0.0
2022-08-06 13:45:00,535,15,shopping,public,retail,0.9926,0.9926,0.0,0.0,0.0
2022-08-06 17:30:00,550,1,driving,,,0.9926,0.9792,-0.9380000233650208,0.0,0.0
2022-08-06 17:45:00,551,5,leisure,public,street,0.9792,0.9792,0.0,0.0,0.0
2022-08-06 19:00:00,556,1,driving,,,0.9792,0.967,-0.8539999723434448,0.0,0.0
2022-08-06 19:15:00,557,51,private,public,street,0.967,0.967,0.0,0.0,0.0
2022-08-07 08:00:00,608,2,driving,,,0.967,0.9444,-1.5820000171661377,0.0,0.0
2022-08-07 08:30:00,610,22,leisure,public,street,0.9444,0.9444,0.0,0.0,0.0
2022-08-07 14:00:00,632,2,driving,,,0.9444,0.9234,-1.4700000286102295,0.0,0.0
2022-08-07 14:30:00,634,38,home,home,home_detached,0.9234,1.0,5.361999988555908,11.0,2.2632999420166016
