timestamp,event_start,event_time,location,use_case,charging_use_case,soc_start,soc_end,energy,station_charging_capacity,average_charging_power
2022-08-01 00:00:00,0,46,leisure,public,street,0.992,0.992,0.0,0.0,0.0
2022-08-01 11:30:00,46,1,driving,,,0.992,0.9907,-0.091,0.0,0.0
2022-08-01 11:45:00,47,71,home,home,home_detached,0.9907,1.0,0.651,11.0,1.5778
2022-08-02 05:30:00,118,3,driving,,,1.0,0.9639,-2.527,0.0,0.0
2022-08-02 06:15:00,121,36,work,work,work,0.9639,0.9639,0.0,0.0,0.0
2022-08-02 15:15:00,157,1,driving,,,0.9639,0.9589,-0.35,0.0,0.0
2022-08-02 15:30:00,158,93,home,home,home_detached,0.9589,1.0,2.877,11.0,1.9539
2022-08-03 14:45:00,251,3,driving,,,1.0,0.9711,-2.023,0.0,0.0
2022-08-03 15:30:00,254,22,work,work,work,0.9711,0.9711,0.0,0.0,0.0
2022-08-03 21:00:00,276,1,driving,,,0.9711,0.9563,-1.036,0.0,0.0
2022-08-03 21:15:00,277,34,home,home,home_detached,0.9563,1.0,3.059,11.0,1.9297
2022-08-04 05:45:00,311,8,driving,,,1.0,0.934,-4.62,0.0,0.0
2022-08-04 07:45:00,319,22,work,work,work,0.934,0.934,0.0,0.0,0.0
2022-08-04 13:15:00,341,4,driving,,,0.934,0.9036,-2.128,0.0,0.0
2022-08-04 14:15:00,345,6,private,public,street,0.9036,0.9036,0.0,0.0,0.0
2022-08-04 15:45:00,351,4,driving,,,0.9036,0.8186,-5.95,0.0,0.0
2022-08-04 16:45:00,355,53,leisure,public,street,0.8186,0.8186,0.0,0.0,0.0
2022-08-05 06:00:00,408,4,driving,,,0.8186,0.7705,-3.367,0.0,0.0
2022-08-05 07:00:00,412,20,work,work,work,0.7705,0.7705,0.0,0.0,0.0
2022-08-05 12:00:00,432,1,driving,,,0.7705,0.7694,-0.077,0.0,0.0
2022-08-05 12:15:00,433,3,private,public,street,0.7694,0.7694,0.0,0.0,0.0
2022-08-05 13:00:00,436,1,driving,,,0.7694,0.7533,-1.127,0.0,0.0
2022-08-05 13:15:00,437,85,home,home,home_detached,0.7533,1.0,17.269,11.0,3.5366
2022-08-06 10:30:00,522,18,driving,,,1.0,0.9402,-4.186,0.0,0.0
2022-08-06 15:00:00,540,8,shopping,public,retail,0.9402,0.9402,0.0,0.0,0.0
2022-08-06 17:00:00,548,1,driving,,,0.9402,0.9242,-1.12,0.0,0.0
2022-08-06 17:15:00,549,8,home,home,home_detached,0.9242,0.9933,4.837,11.0,2.42
2022-08-06 19:15:00,557,2,driving,,,0.9933,0.9773,-1.12,0.0,0.0
2022-08-06 19:45:00,559,61,leisure,public,street,0.9773,0.9773,0.0,0.0,0.0
2022-08-07 11:00:00,620,1,driving,,,0.9773,0.9691,-0.574,0.0,0.0
2022-08-07 11:15:00,621,11,private,public,street,0.9691,0.9691,0.0,0.0,0.0
2022-08-07 14:00:00,632,1,driving,,,0.9691,0.9664,-0.189,0.0,0.0
2022-08-07 14:15:00,633,16,leisure,public,street,0.9664,0.9664,0.0,0.0,0.0
2022-08-07 18:15:00,649,1,driving,,,0.9664,0.9504,-1.12,0.0,0.0
2022-08-07 18:30:00,650,22,home,home,home_detached,0.9504,1.0,3.472,11.0,2.0368
