timestamp,event_start,event_time,location,use_case,charging_use_case,soc_start,soc_end,energy,station_charging_capacity,average_charging_power
2022-08-01 00:00:00,0,19,home,home,home_detached,1.0,1.0,0.0,11.0,0.0
2022-08-01 04:45:00,19,3,driving,,,1.0,0.9447,-5.53,0.0,0.0
2022-08-01 05:30:00,22,37,work,work,work,0.9447,0.9447,0.0,0.0,0.0
2022-08-01 14:45:00,59,3,driving,,,0.9447,0.8941,-5.06,0.0,0.0
2022-08-01 15:30:00,62,12,home,home,home_detached,0.8941,0.9809,8.68,11.0,2.894
2022-08-01 18:30:00,74,2,driving,,,0.9809,0.9666,-1.43,0.0,0.0
2022-08-01 19:00:00,76,46,leisure,public,street,0.9666,0.9666,0.0,0.0,0.0
2022-08-02 06:30:00,122,1,driving,,,0.9666,0.9665,-0.01,0.0,0.0
2022-08-02 06:45:00,123,25,work,work,work,0.9665,0.9665,0.0,0.0,0.0
2022-08-02 13:00:00,148,1,driving,,,0.9665,0.9594,-0.71,0.0,0.0
2022-08-02 13:15:00,149,11,home,home,home_detached,0.9594,1.0,4.06,11.0,1.8772
2022-08-02 16:00:00,160,5,driving,,,1.0,0.8885,-11.15,0.0,0.0
2022-08-02 17:15:00,165,10,leisure,public,street,0.8885,0.8885,0.0,0.0,0.0
2022-08-02 19:45:00,175,1,driving,,,0.8885,0.8885,0.0,0.0,0.0
2022-08-02 20:00:00,176,40,home,home,home_detached,0.8885,1.0,11.15,11.0,2.6272
2022-08-03 06:00:00,216,2,driving,,,1.0,0.989,-1.1,0.0,0.0
2022-08-03 06:30:00,218,8,work,work,work,0.989,0.989,0.0,0.0,0.0
2022-08-03 08:30:00,226,1,driving,,,0.989,0.9773,-1.17,0.0,0.0
2022-08-03 08:45:00,227,21,private,public,street,0.9773,0.9773,0.0,0.0,0.0
2022-08-03 14:00:00,248,1,driving,,,0.9773,0.9766,-0.07,0.0,0.0
2022-08-03 14:15:00,249,4,shopping,public,retail,0.9766,0.9766,0.0,0.0,0.0
2022-08-03 15:15:00,253,1,driving,,,0.9766,0.9725,-0.41,0.0,0.0
2022-08-03 15:30:00,254,5,home,home,home_detached,0.9725,0.9959,2.34,11.0,1.874
2022-08-03 16:45:00,259,2,driving,,,0.9959,0.9933,-0.26,0.0,0.0
2022-08-03 17:15:00,261,10,private,public,street,0.9933,0.9933,0.0,0.0,0.0
2022-08-03 19:45:00,271,7,driving,,,0.9933,0.9518,-4.15,0.0,0.0
2022-08-03 21:30:00,278,57,home,home,home_detached,0.9518,1.0,4.82,11.0,1.9602
2022-08-04 11:45:00,335,4,driving,,,1.0,0.9807,-1.93,0.0,0.0
2022-08-04 12:45:00,339,3,shopping,public,retail,0.9807,0.9807,0.0,0.0,0.0
2022-08-04 13:30:00,342,2,driving,,,0.9807,0.9715,-0.92,0.0,0.0
2022-08-04 14:00:00,344,3,private,public,street,0.9715,0.9715,0.0,0.0,0.0
2022-08-04 14:45:00,347,8,driving,,,0.9715,0.9522,-1.93,0.0,0.0
2022-08-04 16:45:00,355,59,home,home,home_detached,0.9522,1.0,4.78,11.0,2.0043
2022-08-05 07:30:00,414,2,driving,,,1.0,0.99,-1.0,0.0,0.0
2022-08-05 08:00:00,416,35,work,work,work,0.99,0.99,0.0,0.0,0.0
2022-08-05 16:45:00,451,3,driving,,,0.99,0.9851,-0.49,0.0,0.0
2022-08-05 17:30:00,454,2,shopping,public,retail,0.9851,0.9851,0.0,0.0,0.0
2022-08-05 18:00:00,456,2,driving,,,0.9851,0.9577,-2.74,0.0,0.0
2022-08-05 18:30:00,458,81,home,home,home_detached,0.9577,1.0,4.23,11.0,1.9554
2022-08-06 14:45:00,539,1,driving,,,1.0,0.9941,-0.59,0.0,0.0
2022-08-06 15:00:00,540,15,private,public,street,0.9941,0.9941,0.0,0.0,0.0
2022-08-06 18:45:00,555,2,driving,,,0.9941,0.9769,-1.72,0.0,0.0
2022-08-06 19:15:00,557,95,home,home,home_detached,0.9769,1.0,2.31,11.0,1.7285
2022-08-07 19:00:00,652,2,driving,,,1.0,0.9934,-0.66,0.0,0.0
2022-08-07 19:30:00,654,18,leisure,public,street,0.9934,0.9934,0.0,0.0,0.0
