timestamp,event_start,event_time,location,use_case,charging_use_case,soc_start,soc_end,energy,station_charging_capacity,average_charging_power
2022-08-01 00:00:00,0,21,home,home,home_detached,1.0,1.0,0.0,11.0,0.0
2022-08-01 05:15:00,21,1,driving,,,1.0,0.992,-0.8,0.0,0.0
2022-08-01 05:30:00,22,24,work,work,work,0.992,0.992,0.0,0.0,0.0
2022-08-01 11:30:00,46,1,driving,,,0.992,0.9848,-0.72,0.0,0.0
2022-08-01 11:45:00,47,49,home,home,home_detached,0.9848,1.0,1.52,11.0,1.654
2022-08-02 00:00:00,96,1,driving,,,1.0,0.9967,-0.33,0.0,0.0
2022-08-02 00:15:00,97,23,leisure,public,street,0.9967,0.9967,0.0,0.0,0.0
2022-08-02 06:00:00,120,3,driving,,,0.9967,0.9444,-5.23,0.0,0.0
2022-08-02 06:45:00,123,27,work,work,work,0.9444,0.9444,0.0,0.0,0.0
2022-08-02 13:30:00,150,2,driving,,,0.9444,0.936,-0.84,0.0,0.0
2022-08-02 14:00:00,152,74,private,public,street,0.936,0.936,0.0,0.0,0.0
2022-08-03 08:30:00,226,3,driving,,,0.936,0.9149,-2.11,0.0,0.0
2022-08-03 09:15:00,229,3,shopping,public,retail,0.9149,0.9149,0.0,0.0,0.0
2022-08-03 10:00:00,232,12,driving,,,0.9149,0.8135,-10.14,0.0,0.0
2022-08-03 13:00:00,244,4,business,public,street,0.8135,0.8135,0.0,0.0,0.0
2022-08-03 14:00:00,248,1,driving,,,0.8135,0.8018,-1.17,0.0,0.0
2022-08-03 14:15:00,249,3,private,public,street,0.8018,0.8018,0.0,0.0,0.0
2022-08-03 15:00:00,252,1,driving,,,0.8018,0.7836,-1.82,0.0,0.0
2022-08-03 15:15:00,253,61,home,home,home_detached,0.7836,1.0,21.64,11.0,3.3766
2022-08-04 06:30:00,314,1,driving,,,1.0,0.993,-0.7,0.0,0.0
2022-08-04 06:45:00,315,31,work,work,work,0.993,0.993,0.0,0.0,0.0
2022-08-04 14:30:00,346,3,driving,,,0.993,0.9536,-3.94,0.0,0.0
2022-08-04 15:15:00,349,10,leisure,public,street,0.9536,0.9536,0.0,0.0,0.0
2022-08-04 17:45:00,359,2,driving,,,0.9536,0.9434,-1.02,0.0,0.0
2022-08-04 18:15:00,361,46,home,home,home_detached,0.9434,1.0,5.66,11.0,2.1065
2022-08-05 05:45:00,407,1,driving,,,1.0,0.9851,-1.49,0.0,0.0
2022-08-05 06:00:00,408,36,work,work,work,0.9851,0.9851,0.0,0.0,0.0
2022-08-05 15:00:00,444,6,driving,,,0.9851,0.9162,-6.89,0.0,0.0
2022-08-05 16:30:00,450,9,leisure,public,street,0.9162,0.9162,0.0,0.0,0.0
2022-08-05 18:45:00,459,7,driving,,,0.9162,0.8757,-4.05,0.0,0.0
2022-08-05 20:30:00,466,38,home,home,home_detached,0.8757,1.0,12.43,11.0,2.5169
2022-08-06 06:00:00,504,3,driving,,,1.0,0.9873,-1.27,0.0,0.0
2022-08-06 06:45:00,507,8,shopping,public,retail,0.9873,0.9873,0.0,0.0,0.0
2022-08-06 08:45:00,515,3,driving,,,0.9873,0.9763,-1.1,0.0,0.0
2022-08-06 09:30:00,518,96,leisure,public,street,0.9763,0.9763,0.0,0.0,0.0
2022-08-07 09:30:00,614,1,driving,,,0.9763,0.9705,-0.58,0.0,0.0
2022-08-07 09:45:00,615,7,business,public,street,0.9705,0.9705,0.0,0.0,0.0
2022-08-07 11:30:00,622,1,driving,,,0.9705,0.9584,-1.21,0.0,0.0
2022-08-07 11:45:00,623,49,leisure,public,street,0.9584,0.9584,0.0,0.0,0.0
