timestamp,event_start,event_time,location,use_case,charging_use_case,soc_start,soc_end,energy,station_charging_capacity,average_charging_power
2022-08-01 00:00:00,0,48,home,home,home_detached,1.0,1.0,0.0,11.0,0.0
2022-08-01 12:00:00,48,1,driving,,,1.0,0.9974,-0.26,0.0,0.0
2022-08-01 12:15:00,49,2,private,public,street,0.9974,0.9974,0.0,0.0,0.0
2022-08-01 12:45:00,51,29,driving,,,0.9974,0.8969,-10.05,0.0,0.0
2022-08-01 20:00:00,80,38,leisure,public,street,0.8969,0.8969,0.0,0.0,0.0
2022-08-02 05:30:00,118,1,driving,,,0.8969,0.8899,-0.7,0.0,0.0
2022-08-02 05:45:00,119,35,work,work,work,0.8899,0.8899,0.0,0.0,0.0
2022-08-02 14:30:00,154,1,driving,,,0.8899,0.8879,-0.2,0.0,0.0
2022-08-02 14:45:00,155,3,shopping,public,retail,0.8879,0.8879,0.0,0.0,0.0
2022-08-02 15:30:00,158,4,driving,,,0.8879,0.8271,-6.08,0.0,0.0
2022-08-02 16:30:00,162,75,home,home,home_detached,0.8271,1.0,17.29,11.0,2.8228
2022-08-03 11:15:00,237,3,driving,,,1.0,0.9759,-2.41,0.0,0.0
2022-08-03 12:00:00,240,69,private,public,street,0.9759,0.9759,0.0,0.0,0.0
2022-08-04 05:15:00,309,1,driving,,,0.9759,0.96,-1.59,0.0,0.0
2022-08-04 05:30:00,310,36,work,work,work,0.96,0.96,0.0,0.0,0.0
2022-08-04 14:30:00,346,2,driving,,,0.96,0.9383,-2.17,0.0,0.0
2022-08-04 15:00:00,348,63,private,public,street,0.9383,0.9383,0.0,0.0,0.0
2022-08-05 06:45:00,411,1,driving,,,0.9383,0.9123,-2.6,0.0,0.0
2022-08-05 07:00:00,412,3,business,public,street,0.9123,0.9123,0.0,0.0,0.0
2022-08-05 07:45:00,415,2,driving,,,0.9123,0.8895,-2.28,0.0,0.0
2022-08-05 08:15:00,417,29,work,work,work,0.8895,0.8895,0.0,0.0,0.0
2022-08-05 15:30:00,446,6,driving,,,0.8895,0.8747,-1.48,0.0,0.0
2022-08-05 17:00:00,452,19,business,public,street,0.8747,0.8747,0.0,0.0,0.0
2022-08-05 21:45:00,471,1,driving,,,0.8747,0.8594,-1.53,0.0,0.0
2022-08-05 22:00:00,472,40,home,home,home_detached,0.8594,1.0,14.06,11.0,2.6127
2022-08-06 08:00:00,512,1,driving,,,1.0,0.9915,-0.85,0.0,0.0
2022-08-06 08:15:00,513,5,shopping,public,retail,0.9915,0.9915,0.0,0.0,0.0
2022-08-06 09:30:00,518,3,driving,,,0.9915,0.9671,-2.44,0.0,0.0
2022-08-06 10:15:00,521,29,home,home,home_detached,0.9671,1.0,3.29,11.0,1.8311
2022-08-06 17:30:00,550,5,driving,,,1.0,0.9885,-1.15,0.0,0.0
2022-08-06 18:45:00,555,3,shopping,public,retail,0.9885,0.9885,0.0,0.0,0.0
2022-08-06 19:30:00,558,1,driving,,,0.9885,0.9824,-0.61,0.0,0.0
2022-08-06 19:45:00,559,74,home,home,home_detached,0.9824,1.0,1.76,11.0,1.6657
2022-08-07 14:15:00,633,2,driving,,,1.0,0.9836,-1.64,0.0,0.0
2022-08-07 14:45:00,635,2,leisure,public,street,0.9836,0.9836,0.0,0.0,0.0
2022-08-07 15:15:00,637,12,driving,,,0.9836,0.9601,-2.35,0.0,0.0
2022-08-07 18:15:00,649,5,shopping,public,retail,0.9601,0.9601,0.0,0.0,0.0
2022-08-07 19:30:00,654,1,driving,,,0.9601,0.9358,-2.43,0.0,0.0
2022-08-07 19:45:00,655,17,home,home,home_detached,0.9358,1.0,6.42,11.0,2.1829
