timestamp,event_start,event_time,location,use_case,charging_use_case,soc_start,soc_end,energy,station_charging_capacity,average_charging_power
2022-08-01 00:00:00,0,28,home,home,home_detached,1.0,1.0,0.0,11.0,0.0
2022-08-01 07:00:00,28,15,driving,,,1.0,0.8827,-11.73,0.0,0.0
2022-08-01 10:45:00,43,42,work,work,work,0.8827,0.8827,0.0,0.0,0.0
2022-08-01 21:15:00,85,1,driving,,,0.8827,0.8827,0.0,0.0,0.0
2022-08-01 21:30:00,86,74,home,home,home_detached,0.8827,1.0,11.73,11.0,2.65
2022-08-02 16:00:00,160,1,driving,,,1.0,0.9999,-0.01,0.0,0.0
2022-08-02 16:15:00,161,7,shopping,public,retail,0.9999,0.9999,0.0,0.0,0.0
2022-08-02 18:00:00,168,5,driving,,,0.9999,0.9208,-7.91,0.0,0.0
2022-08-02 19:15:00,173,59,home,home,home_detached,0.9208,1.0,7.92,11.0,2.3161
2022-08-03 10:00:00,232,1,driving,,,1.0,0.9861,-1.39,0.0,0.0
2022-08-03 10:15:00,233,7,shopping,public,retail,0.9861,0.9861,0.0,0.0,0.0
2022-08-03 12:00:00,240,2,driving,,,0.9861,0.9618,-2.43,0.0,0.0
2022-08-03 12:30:00,242,70,home,home,home_detached,0.9618,1.0,3.82,11.0,1.8784
2022-08-04 06:00:00,312,1,driving,,,1.0,0.9979,-0.21,0.0,0.0
2022-08-04 06:15:00,313,34,work,work,work,0.9979,0.9979,0.0,0.0,0.0
2022-08-04 14:45:00,347,1,driving,,,0.9979,0.9953,-0.26,0.0,0.0
2022-08-04 15:00:00,348,2,private,public,street,0.9953,0.9953,0.0,0.0,0.0
2022-08-04 15:30:00,350,1,driving,,,0.9953,0.9856,-0.97,0.0,0.0
2022-08-04 15:45:00,351,13,shopping,public,retail,0.9856,0.9856,0.0,0.0,0.0
2022-08-04 19:00:00,364,2,driving,,,0.9856,0.9506,-3.5,0.0,0.0
2022-08-04 19:30:00,366,11,leisure,public,street,0.9506,0.9506,0.0,0.0,0.0
2022-08-04 22:15:00,377,2,driving,,,0.9506,0.9414,-0.92,0.0,0.0
2022-08-04 22:45:00,379,52,home,home,home_detached,0.9414,1.0,5.86,11.0,2.1401
2022-08-05 11:45:00,431,1,driving,,,1.0,0.9978,-0.22,0.0,0.0
2022-08-05 12:00:00,432,8,leisure,public,street,0.9978,0.9978,0.0,0.0,0.0
2022-08-05 14:00:00,440,2,driving,,,0.9978,0.9881,-0.97,0.0,0.0
2022-08-05 14:30:00,442,12,shopping,public,retail,0.9881,0.9881,0.0,0.0,0.0
2022-08-05 17:30:00,454,1,driving,,,0.9881,0.9847,-0.34,0.0,0.0
2022-08-05 17:45:00,455,84,leisure,public,street,0.9847,0.9847,0.0,0.0,0.0
2022-08-06 14:45:00,539,6,driving,,,0.9847,0.9574,-2.73,0.0,0.0
2022-08-06 16:15:00,545,71,home,home,home_detached,0.9574,1.0,4.26,11.0,1.9616
2022-08-07 10:00:00,616,2,driving,,,1.0,0.9901,-0.99,0.0,0.0
2022-08-07 10:30:00,618,24,leisure,public,street,0.9901,0.9901,0.0,0.0,0.0
2022-08-07 16:30:00,642,1,driving,,,0.9901,0.9892,-0.09,0.0,0.0
2022-08-07 16:45:00,643,3,private,public,street,0.9892,0.9892,0.0,0.0,0.0
2022-08-07 17:30:00,646,1,driving,,,0.9892,0.9826,-0.66,0.0,0.0
2022-08-07 17:45:00,647,25,leisure,public,street,0.9826,0.9826,0.0,0.0,0.0
