timestamp,event_start,event_time,location,use_case,charging_use_case,soc_start,soc_end,energy,station_charging_capacity,average_charging_power
2022-08-01 00:00:00,0,20,leisure,public,street,0.9051,0.9051,0.0,0.0,0.0
2022-08-01 05:00:00,20,2,driving,,,0.9051,0.8768,-2.83,0.0,0.0
2022-08-01 05:30:00,22,23,work,work,work,0.8768,0.8768,0.0,0.0,0.0
2022-08-01 11:15:00,45,1,driving,,,0.8768,0.874,-0.28,0.0,0.0
2022-08-01 11:30:00,46,84,home,home,home_detached,0.874,1.0,12.6,11.0,2.5376
2022-08-02 08:30:00,130,1,driving,,,1.0,0.9954,-0.46,0.0,0.0
2022-08-02 08:45:00,131,5,private,public,street,0.9954,0.9954,0.0,0.0,0.0
2022-08-02 10:00:00,136,3,driving,,,0.9954,0.9541,-4.13,0.0,0.0
2022-08-02 10:45:00,139,9,leisure,public,street,0.9541,0.9541,0.0,0.0,0.0
2022-08-02 13:00:00,148,1,driving,,,0.9541,0.942,-1.21,0.0,0.0
2022-08-02 13:15:00,149,10,shopping,public,retail,0.942,0.942,0.0,0.0,0.0
2022-08-02 15:45:00,159,2,driving,,,0.942,0.9194,-2.26,0.0,0.0
2022-08-02 16:15:00,161,1,private,public,street,0.9194,0.9194,0.0,0.0,0.0
2022-08-02 16:30:00,162,2,driving,,,0.9194,0.8896,-2.98,0.0,0.0
2022-08-02 17:00:00,164,88,home,home,home_detached,0.8896,1.0,11.04,11.0,2.4393
2022-08-03 15:00:00,252,1,driving,,,1.0,0.9989,-0.11,0.0,0.0
2022-08-03 15:15:00,253,11,leisure,public,street,0.9989,0.9989,0.0,0.0,0.0
2022-08-03 18:00:00,264,1,driving,,,0.9989,0.9988,-0.01,0.0,0.0
2022-08-03 18:15:00,265,49,home,home,home_detached,0.9988,1.0,0.12,11.0,1.4816
2022-08-04 06:30:00,314,4,driving,,,1.0,0.9703,-2.97,0.0,0.0
2022-08-04 07:30:00,318,20,school,public,street,0.9703,0.9703,0.0,0.0,0.0
2022-08-04 12:30:00,338,7,driving,,,0.9703,0.9324,-3.79,0.0,0.0
2022-08-04 14:15:00,345,61,home,home,home_detached,0.9324,1.0,6.76,11.0,2.1868
2022-08-05 05:30:00,406,2,driving,,,1.0,0.9813,-1.87,0.0,0.0
2022-08-05 06:00:00,408,18,work,work,work,0.9813,0.9813,0.0,0.0,0.0
2022-08-05 10:30:00,426,1,driving,,,0.9813,0.9695,-1.18,0.0,0.0
2022-08-05 10:45:00,427,11,home,home,home_detached,0.9695,1.0,3.05,11.0,1.8302
2022-08-05 13:30:00,438,2,driving,,,1.0,0.9837,-1.63,0.0,0.0
2022-08-05 14:00:00,440,71,private,public,street,0.9837,0.9837,0.0,0.0,0.0
2022-08-06 07:45:00,511,4,driving,,,0.9837,0.9452,-3.85,0.0,0.0
2022-08-06 08:45:00,515,9,work,work,work,0.9452,0.9452,0.0,0.0,0.0
2022-08-06 11:00:00,524,2,driving,,,0.9452,0.9249,-2.03,0.0,0.0
2022-08-06 11:30:00,526,4,shopping,public,retail,0.9249,0.9249,0.0,0.0,0.0
2022-08-06 12:30:00,530,2,driving,,,0.9249,0.9059,-1.9,0.0,0.0
2022-08-06 13:00:00,532,88,home,home,home_detached,0.9059,1.0,9.41,11.0,2.4329
2022-08-07 11:00:00,620,2,driving,,,1.0,0.9903,-0.97,0.0,0.0
2022-08-07 11:30:00,622,12,leisure,public,street,0.9903,0.9903,0.0,0.0,0.0
2022-08-07 14:30:00,634,1,driving,,,0.9903,0.9893,-0.1,0.0,0.0
2022-08-07 14:45:00,635,37,home,home,home_detached,0.9893,1.0,1.07,11.0,1.6011
