timestamp,event_start,event_time,location,use_case,charging_use_case,soc_start,soc_end,energy,station_charging_capacity,average_charging_power
2022-08-01 00:00:00,0,23,leisure,public,street,0.9941,0.9941,0.0,0.0,0.0
2022-08-01 05:45:00,23,3,driving,,,0.9941,0.9604,-3.37,0.0,0.0
2022-08-01 06:30:00,26,22,work,work,work,0.9604,0.9604,0.0,0.0,0.0
2022-08-01 12:00:00,48,1,driving,,,0.9604,0.9549,-0.55,0.0,0.0
2022-08-01 12:15:00,49,9,home,home,home_detached,0.9549,1.0,4.51,11.0,2.0057
2022-08-01 14:30:00,58,1,driving,,,1.0,0.9876,-1.24,0.0,0.0
2022-08-01 14:45:00,59,1,business,public,street,0.9876,0.9876,0.0,0.0,0.0
2022-08-01 15:00:00,60,1,driving,,,0.9876,0.9838,-0.38,0.0,0.0
2022-08-01 15:15:00,61,56,home,home,home_detached,0.9838,1.0,1.62,11.0,1.6344
2022-08-02 05:15:00,117,1,driving,,,1.0,0.9998,-0.02,0.0,0.0
2022-08-02 05:30:00,118,9,work,work,work,0.9998,0.9998,0.0,0.0,0.0
2022-08-02 07:45:00,127,1,driving,,,0.9998,0.9963,-0.35,0.0,0.0
2022-08-02 08:00:00,128,4,shopping,public,retail,0.9963,0.9963,0.0,0.0,0.0
2022-08-02 09:00:00,132,4,driving,,,0.9963,0.9683,-2.8,0.0,0.0
2022-08-02 10:00:00,136,8,private,public,street,0.9683,0.9683,0.0,0.0,0.0
2022-08-02 12:00:00,144,1,driving,,,0.9683,0.9655,-0.28,0.0,0.0
2022-08-02 12:15:00,145,99,home,home,home_detached,0.9655,1.0,3.45,11.0,1.8132
2022-08-03 13:00:00,244,4,driving,,,1.0,0.9586,-4.14,0.0,0.0
2022-08-03 14:00:00,248,10,private,public,street,0.9586,0.9586,0.0,0.0,0.0
2022-08-03 16:30:00,258,2,driving,,,0.9586,0.9127,-4.59,0.0,0.0
2022-08-03 17:00:00,260,60,home,home,home_detached,0.9127,1.0,8.73,11.0,2.3869
2022-08-04 08:00:00,320,2,driving,,,1.0,0.9681,-3.19,0.0,0.0
2022-08-04 08:30:00,322,36,work,work,work,0.9681,0.9681,0.0,0.0,0.0
2022-08-04 17:30:00,358,8,driving,,,0.9681,0.95,-1.81,0.0,0.0
2022-08-04 19:30:00,366,74,home,home,home_detached,0.95,1.0,5.0,11.0,2.0428
2022-08-05 14:00:00,440,5,driving,,,1.0,0.9681,-3.19,0.0,0.0
2022-08-05 15:15:00,445,9,shopping,public,retail,0.9681,0.9681,0.0,0.0,0.0
2022-08-05 17:30:00,454,4,driving,,,0.9681,0.9507,-1.74,0.0,0.0
2022-08-05 18:30:00,458,16,leisure,public,street,0.9507,0.9507,0.0,0.0,0.0
2022-08-05 22:30:00,474,2,driving,,,0.9507,0.9353,-1.54,0.0,0.0
2022-08-05 23:00:00,476,40,home,home,home_detached,0.9353,1.0,6.47,11.0,2.1905
2022-08-06 09:00:00,516,1,driving,,,1.0,0.9995,-0.05,0.0,0.0
2022-08-06 09:15:00,517,8,shopping,public,retail,0.9995,0.9995,0.0,0.0,0.0
2022-08-06 11:15:00,525,2,driving,,,0.9995,0.9841,-1.54,0.0,0.0
2022-08-06 11:45:00,527,3,private,public,street,0.9841,0.9841,0.0,0.0,0.0
2022-08-06 12:30:00,530,1,driving,,,0.9841,0.9823,-0.18,0.0,0.0
2022-08-06 12:45:00,531,5,shopping,public,retail,0.9823,0.9823,0.0,0.0,0.0
2022-08-06 14:00:00,536,1,driving,,,0.9823,0.9822,-0.01,0.0,0.0
2022-08-06 14:15:00,537,2,private,public,street,0.9822,0.9822,0.0,0.0,0.0
2022-08-06 14:45:00,539,4,driving,,,0.9822,0.9444,-3.78,0.0,0.0
2022-08-06 15:45:00,543,63,home,home,home_detached,0.9444,1.0,5.56,11.0,1.993
2022-08-07 07:30:00,606,1,driving,,,1.0,0.994,-0.6,0.0,0.0
2022-08-07 07:45:00,607,24,business,public,street,0.994,0.994,0.0,0.0,0.0
2022-08-07 13:45:00,631,2,driving,,,0.994,0.9747,-1.93,0.0,0.0
2022-08-07 14:15:00,633,17,leisure,public,street,0.9747,0.9747,0.0,0.0,0.0
2022-08-07 18:30:00,650,3,driving,,,0.9747,0.9701,-0.46,0.0,0.0
2022-08-07 19:15:00,653,6,private,public,street,0.9701,0.9701,0.0,0.0,0.0
2022-08-07 20:45:00,659,1,driving,,,0.9701,0.9601,-1.0,0.0,0.0
2022-08-07 21:00:00,660,12,home,home,home_detached,0.9601,1.0,3.99,11.0,1.8645
