timestamp,event_start,event_time,location,use_case,charging_use_case,soc_start,soc_end,energy,station_charging_capacity,average_charging_power
2022-08-01 00:00:00,0,18,leisure,public,street,0.9859,0.9859,0.0,0.0,0.0
2022-08-01 04:30:00,18,1,driving,,,0.9859,0.9595,-1.848,0.0,0.0
2022-08-01 04:45:00,19,11,work,work,work,0.9595,0.9595,0.0,0.0,0.0
2022-08-01 07:30:00,30,1,driving,,,0.9595,0.9583,-0.084,0.0,0.0
2022-08-01 07:45:00,31,21,school,public,street,0.9583,0.9583,0.0,0.0,0.0
2022-08-01 13:00:00,52,4,driving,,,0.9583,0.9473,-0.77,0.0,0.0
2022-08-01 14:00:00,56,83,home,home,home_detached,0.9473,1.0,3.689,11.0,2.0237
2022-08-02 10:45:00,139,7,driving,,,1.0,0.9552,-3.136,0.0,0.0
2022-08-02 12:30:00,146,8,private,public,street,0.9552,0.9552,0.0,0.0,0.0
2022-08-02 14:30:00,154,1,driving,,,0.9552,0.9409,-1.001,0.0,0.0
2022-08-02 14:45:00,155,93,home,home,home_detached,0.9409,1.0,4.137,11.0,2.1274
2022-08-03 14:00:00,248,2,driving,,,1.0,0.9884,-0.812,0.0,0.0
2022-08-03 14:30:00,250,4,shopping,public,retail,0.9884,0.9884,0.0,0.0,0.0
2022-08-03 15:30:00,254,1,driving,,,0.9884,0.9872,-0.084,0.0,0.0
2022-08-03 15:45:00,255,5,private,public,street,0.9872,0.9872,0.0,0.0,0.0
2022-08-03 17:00:00,260,1,driving,,,0.9872,0.9805,-0.469,0.0,0.0
2022-08-03 17:15:00,261,82,home,home,home_detached,0.9805,1.0,1.365,11.0,1.6766
2022-08-04 13:45:00,343,1,driving,,,1.0,0.989,-0.77,0.0,0.0
2022-08-04 14:00:00,344,25,private,public,street,0.989,0.989,0.0,0.0,0.0
2022-08-04 20:15:00,369,2,driving,,,0.989,0.9518,-2.604,0.0,0.0
2022-08-04 20:45:00,371,53,home,home,home_detached,0.9518,1.0,3.374,11.0,2.0122
2022-08-05 10:00:00,424,3,driving,,,1.0,0.9294,-4.942,0.0,0.0
2022-08-05 10:45:00,427,3,shopping,public,retail,0.9294,0.9294,0.0,0.0,0.0
2022-08-05 11:30:00,430,1,driving,,,0.9294,0.9281,-0.091,0.0,0.0
2022-08-05 11:45:00,431,82,home,home,home_detached,0.9281,1.0,5.033,11.0,2.2622
2022-08-06 08:15:00,513,3,driving,,,1.0,0.9816,-1.288,0.0,0.0
2022-08-06 09:00:00,516,3,shopping,public,retail,0.9816,0.9816,0.0,0.0,0.0
2022-08-06 09:45:00,519,1,driving,,,0.9816,0.9771,-0.315,0.0,0.0
2022-08-06 10:00:00,520,24,private,public,street,0.9771,0.9771,0.0,0.0,0.0
2022-08-06 16:00:00,544,1,driving,,,0.9771,0.9755,-0.112,0.0,0.0
2022-08-06 16:15:00,545,7,shopping,public,retail,0.9755,0.9755,0.0,0.0,0.0
2022-08-06 18:00:00,552,3,driving,,,0.9755,0.9383,-2.604,0.0,0.0
2022-08-06 18:45:00,555,59,home,home,home_detached,0.9383,1.0,4.319,11.0,2.1709
2022-08-07 09:30:00,614,8,driving,,,1.0,0.9813,-1.309,0.0,0.0
2022-08-07 11:30:00,622,21,leisure,public,street,0.9813,0.9813,0.0,0.0,0.0
2022-08-07 16:45:00,643,1,driving,,,0.9813,0.9746,-0.469,0.0,0.0
2022-08-07 17:00:00,644,28,home,home,home_detached,0.9746,1.0,1.778,11.0,1.7892
