timestamp,event_start,event_time,location,use_case,charging_use_case,soc_start,soc_end,energy,station_charging_capacity,average_charging_power
2022-08-01 00:00:00,0,4,driving,,,0.9559,0.9145,-2.8952,0.0,-2.8952
2022-08-01 01:00:00,4,22,business,public,street,0.9145,0.9145,0.0,0.0,0.0
2022-08-01 06:30:00,26,2,driving,,,0.9145,0.8838,-2.1489999294281006,0.0,0.0
2022-08-01 07:00:00,28,62,work,work,work,0.8838,0.8838,0.0,0.0,0.0
2022-08-01 22:30:00,90,4,driving,,,0.8838,0.8162,-4.73199987411499,0.0,0.0
2022-08-01 23:30:00,94,22,leisure,public,street,0.8162,0.8162,0.0,0.0,0.0
2022-08-02 05:00:00,116,2,driving,,,0.8162,0.8099,-0.4410000145435333,0.0,0.0
2022-08-02 05:30:00,118,8,shopping,public,retail,0.8099,0.8099,0.0,0.0,0.0
2022-08-02 07:30:00,126,2,driving,,,0.8099,0.7792,-2.1489999294281006,0.0,0.0
2022-08-02 08:00:00,128,39,work,work,work,0.7792,0.7792,0.0,0.0,0.0
2022-08-02 17:45:00,167,9,driving,,,0.7792,0.549,-16.11400032043457,0.0,0.0
2022-08-02 20:00:00,176,78,leisure,public,street,0.549,0.549,0.0,0.0,0.0
2022-08-03 15:30:00,254,1,driving,,,0.549,0.549,0.0,0.0,0.0
2022-08-03 15:45:00,255,5,shopping,public,retail,0.549,0.549,0.0,0.0,0.0
2022-08-03 17:00:00,260,1,driving,,,0.549,0.5445,-0.3149999976158142,0.0,0.0
2022-08-03 17:15:00,261,52,home,home,home_detached,0.5445,1.0,31.885000228881836,11.0,4.7480998039245605
2022-08-04 06:15:00,313,2,driving,,,1.0,0.9838,-1.1339999437332153,0.0,0.0
2022-08-04 06:45:00,315,36,work,work,work,0.9838,0.9838,0.0,0.0,0.0
2022-08-04 15:45:00,351,1,driving,,,0.9838,0.9815,-0.16099999845027924,0.0,0.0
2022-08-04 16:00:00,352,4,private,public,street,0.9815,0.9815,0.0,0.0,0.0
2022-08-04 17:00:00,356,3,driving,,,0.9815,0.9762,-0.3709999918937683,0.0,0.0
2022-08-04 17:45:00,359,12,shopping,public,retail,0.9762,0.9762,0.0,0.0,0.0
2022-08-04 20:45:00,371,3,driving,,,0.9762,0.9493,-1.8830000162124634,0.0,0.0
2022-08-04 21:30:00,374,31,leisure,public,street,0.9493,0.9493,0.0,0.0,0.0
2022-08-05 05:15:00,405,3,driving,,,0.9493,0.8729,-5.3480000495910645,0.0,0.0
2022-08-05 06:00:00,408,20,work,work,work,0.8729,0.8729,0.0,0.0,0.0
2022-08-05 11:00:00,428,1,driving,,,0.8729,0.8673,-0.3919999897480011,0.0,0.0
2022-08-05 11:15:00,429,7,private,public,street,0.8673,0.8673,0.0,0.0,0.0
2022-08-05 13:00:00,436,1,driving,,,0.8673,0.8573,-0.699999988079071,0.0,0.0
2022-08-05 13:15:00,437,84,home,home,home_detached,0.8573,1.0,9.98900032043457,11.0,2.870800018310547
2022-08-06 10:15:00,521,5,driving,,,1.0,0.9615,-2.694999933242798,0.0,0.0
2022-08-06 11:30:00,526,6,leisure,public,street,0.9615,0.9615,0.0,0.0,0.0
2022-08-06 13:00:00,532,2,driving,,,0.9615,0.9418,-1.378999948501587,0.0,0.0
2022-08-06 13:30:00,534,3,private,public,street,0.9418,0.9418,0.0,0.0,0.0
2022-08-06 14:15:00,537,1,driving,,,0.9418,0.9285,-0.9309999942779541,0.0,0.0
2022-08-06 14:30:00,538,14,home,home,home_detached,0.9285,1.0,5.005000114440918,11.0,2.2553999423980713
2022-08-06 18:00:00,552,1,driving,,,1.0,0.9988,-0.08399999886751175,0.0,0.0
2022-08-06 18:15:00,553,1,private,public,street,0.9988,0.9988,0.0,0.0,0.0
2022-08-06 18:30:00,554,1,driving,,,0.9988,0.9951,-0.2590000033378601,0.0,0.0
2022-08-06 18:45:00,555,97,leisure,public,street,0.9951,0.9951,0.0,0.0,0.0
2022-08-07 19:00:00,652,1,driving,,,0.9951,0.9765,-1.3020000457763672,0.0,0.0
2022-08-07 19:15:00,653,19,home,home,home_detached,0.9765,1.0,1.6449999809265137,11.0,1.7515000104904175
