timestamp,event_start,event_time,location,use_case,charging_use_case,soc_start,soc_end,energy,station_charging_capacity,average_charging_power
2022-08-01 00:00:00,0,26,home,home,home_detached,1.0,1.0,0.0,11.0,0.0
2022-08-01 06:30:00,26,2,driving,,,1.0,0.9795,-2.05,0.0,0.0
2022-08-01 07:00:00,28,31,work,work,work,0.9795,0.9795,0.0,0.0,0.0
2022-08-01 14:45:00,59,1,driving,,,0.9795,0.9781,-0.14,0.0,0.0
2022-08-01 15:00:00,60,4,shopping,public,retail,0.9781,0.9781,0.0,0.0,0.0
2022-08-01 16:00:00,64,2,driving,,,0.9781,0.9591,-1.9,0.0,0.0
2022-08-01 16:30:00,66,12,home,home,home_detached,0.9591,1.0,4.09,11.0,1.9299
2022-08-01 19:30:00,78,2,driving,,,1.0,0.9936,-0.64,0.0,0.0
2022-08-01 20:00:00,80,9,private,public,street,0.9936,0.9936,0.0,0.0,0.0
2022-08-01 22:15:00,89,2,driving,,,0.9936,0.98,-1.36,0.0,0.0
2022-08-01 22:45:00,91,69,home,home,home_detached,0.98,1.0,2.0,11.0,1.6704
2022-08-02 16:00:00,160,1,driving,,,1.0,0.9932,-0.68,0.0,0.0
2022-08-02 16:15:00,161,9,leisure,public,street,0.9932,0.9932,0.0,0.0,0.0
2022-08-02 18:30:00,170,2,driving,,,0.9932,0.9786,-1.46,0.0,0.0
2022-08-02 19:00:00,172,3,business,public,street,0.9786,0.9786,0.0,0.0,0.0
2022-08-02 19:45:00,175,2,driving,,,0.9786,0.9372,-4.14,0.0,0.0
2022-08-02 20:15:00,177,136,home,home,home_detached,0.9372,1.0,6.28,11.0,2.1602
2022-08-04 06:15:00,313,4,driving,,,1.0,0.9771,-2.29,0.0,0.0
2022-08-04 07:15:00,317,20,work,work,work,0.9771,0.9771,0.0,0.0,0.0
2022-08-04 12:15:00,337,3,driving,,,0.9771,0.9357,-4.14,0.0,0.0
2022-08-04 13:00:00,340,2,private,public,street,0.9357,0.9357,0.0,0.0,0.0
2022-08-04 13:30:00,342,3,driving,,,0.9357,0.8984,-3.73,0.0,0.0
2022-08-04 14:15:00,345,23,work,work,work,0.8984,0.8984,0.0,0.0,0.0
2022-08-04 20:00:00,368,1,driving,,,0.8984,0.8974,-0.1,0.0,0.0
2022-08-04 20:15:00,369,42,home,home,home_detached,0.8974,1.0,10.26,11.0,2.3877
2022-08-05 06:45:00,411,2,driving,,,1.0,0.9765,-2.35,0.0,0.0
2022-08-05 07:15:00,413,37,work,work,work,0.9765,0.9765,0.0,0.0,0.0
2022-08-05 16:30:00,450,3,driving,,,0.9765,0.9449,-3.16,0.0,0.0
2022-08-05 17:15:00,453,11,home,home,home_detached,0.9449,1.0,5.51,11.0,2.0809
2022-08-05 20:00:00,464,9,driving,,,1.0,0.8773,-12.27,0.0,0.0
2022-08-05 22:15:00,473,34,leisure,public,street,0.8773,0.8773,0.0,0.0,0.0
2022-08-06 06:45:00,507,1,driving,,,0.8773,0.8771,-0.02,0.0,0.0
2022-08-06 07:00:00,508,44,work,work,work,0.8771,0.8771,0.0,0.0,0.0
2022-08-06 18:00:00,552,2,driving,,,0.8771,0.8676,-0.95,0.0,0.0
2022-08-06 18:30:00,554,2,shopping,public,retail,0.8676,0.8676,0.0,0.0,0.0
2022-08-06 19:00:00,556,1,driving,,,0.8676,0.8675,-0.01,0.0,0.0
2022-08-06 19:15:00,557,95,leisure,public,street,0.8675,0.8675,0.0,0.0,0.0
2022-08-07 19:00:00,652,1,driving,,,0.8675,0.8646,-0.29,0.0,0.0
2022-08-07 19:15:00,653,19,home,home,home_detached,0.8646,0.9993,13.47,11.0,2.8351
