timestamp,event_start,event_time,location,use_case,charging_use_case,soc_start,soc_end,energy,station_charging_capacity,average_charging_power
2022-08-01 00:00:00,0,39,home,home,home_detached,0.9781,1.0,2.1924,11.0,0.22486153846153847
2022-08-01 09:45:00,39,24,driving,,,1.0,0.7031,-29.690000534057617,0.0,0.0
2022-08-01 15:45:00,63,22,leisure,public,street,0.7031,0.7031,0.0,0.0,0.0
2022-08-01 21:15:00,85,6,driving,,,0.7031,0.658,-4.510000228881836,0.0,0.0
2022-08-01 22:45:00,91,123,home,home,home_detached,0.658,1.0,34.20000076293945,11.0,4.165900230407715
2022-08-03 05:30:00,214,6,driving,,,1.0,0.9884,-1.159999966621399,0.0,0.0
2022-08-03 07:00:00,220,18,work,work,work,0.9884,0.9884,0.0,0.0,0.0
2022-08-03 11:30:00,238,2,driving,,,0.9884,0.9819,-0.6499999761581421,0.0,0.0
2022-08-03 12:00:00,240,10,shopping,public,retail,0.9819,0.9819,0.0,0.0,0.0
2022-08-03 14:30:00,250,2,driving,,,0.9819,0.9594,-2.25,0.0,0.0
2022-08-03 15:00:00,252,62,home,home,home_detached,0.9594,1.0,4.059999942779541,11.0,1.9261000156402588
2022-08-04 06:30:00,314,1,driving,,,1.0,0.9962,-0.3799999952316284,0.0,0.0
2022-08-04 06:45:00,315,31,work,work,work,0.9962,0.9962,0.0,0.0,0.0
2022-08-04 14:30:00,346,5,driving,,,0.9962,0.9817,-1.4500000476837158,0.0,0.0
2022-08-04 15:45:00,351,9,private,public,street,0.9817,0.9817,0.0,0.0,0.0
2022-08-04 18:00:00,360,5,driving,,,0.9817,0.9412,-4.050000190734863,0.0,0.0
2022-08-04 19:15:00,365,82,home,home,home_detached,0.9412,1.0,5.880000114440918,11.0,2.1440000534057617
2022-08-05 15:45:00,447,1,driving,,,1.0,0.9927,-0.7300000190734863,0.0,0.0
2022-08-05 16:00:00,448,2,private,public,street,0.9927,0.9927,0.0,0.0,0.0
2022-08-05 16:30:00,450,6,driving,,,0.9927,0.9437,-4.900000095367432,0.0,0.0
2022-08-05 18:00:00,456,13,leisure,public,street,0.9437,0.9437,0.0,0.0,0.0
2022-08-05 21:15:00,469,1,driving,,,0.9437,0.931,-1.2699999809265137,0.0,0.0
2022-08-05 21:30:00,470,40,work,work,work,0.931,0.931,0.0,0.0,0.0
2022-08-06 07:30:00,510,1,driving,,,0.931,0.93,-0.10000000149011612,0.0,0.0
2022-08-06 07:45:00,511,8,private,public,street,0.93,0.93,0.0,0.0,0.0
2022-08-06 09:45:00,519,2,driving,,,0.93,0.9028,-2.7200000286102295,0.0,0.0
2022-08-06 10:15:00,521,32,work,work,work,0.9028,0.9028,0.0,0.0,0.0
2022-08-06 18:15:00,553,2,driving,,,0.9028,0.8955,-0.7300000190734863,0.0,0.0
2022-08-06 18:45:00,555,60,home,home,home_detached,0.8955,1.0,10.449999809265137,11.0,2.3647000789642334
2022-08-07 09:45:00,615,13,driving,,,1.0,0.9587,-4.130000114440918,0.0,0.0
2022-08-07 13:00:00,628,8,leisure,public,street,0.9587,0.9587,0.0,0.0,0.0
2022-08-07 15:00:00,636,1,driving,,,0.9587,0.9559,-0.2800000011920929,0.0,0.0
2022-08-07 15:15:00,637,35,home,home,home_detached,0.9559,1.0,4.409999847412109,11.0,1.9880000352859497
