timestamp,event_start,event_time,location,use_case,charging_use_case,soc_start,soc_end,energy,station_charging_capacity,average_charging_power
2022-08-01 00:00:00,0,29,home,home,home_detached,1.0,1.0,0.0,11.0,0.0
2022-08-01 07:15:00,29,13,driving,,,1.0,0.9631,-3.69,0.0,0.0
2022-08-01 10:30:00,42,26,school,public,street,0.9631,0.9631,0.0,0.0,0.0
2022-08-01 17:00:00,68,3,driving,,,0.9631,0.9145,-4.86,0.0,0.0
2022-08-01 17:45:00,71,55,home,home,home_detached,0.9145,1.0,8.55,11.0,2.3603
2022-08-02 07:30:00,126,3,driving,,,1.0,0.9868,-1.32,0.0,0.0
2022-08-02 08:15:00,129,3,business,public,street,0.9868,0.9868,0.0,0.0,0.0
2022-08-02 09:00:00,132,4,driving,,,0.9868,0.975,-1.18,0.0,0.0
2022-08-02 10:00:00,136,15,private,public,street,0.975,0.975,0.0,0.0,0.0
2022-08-02 13:45:00,151,1,driving,,,0.975,0.974,-0.1,0.0,0.0
2022-08-02 14:00:00,152,104,leisure,public,street,0.974,0.974,0.0,0.0,0.0
2022-08-03 16:00:00,256,2,driving,,,0.974,0.9559,-1.81,0.0,0.0
2022-08-03 16:30:00,258,59,home,home,home_detached,0.9559,1.0,4.41,11.0,1.9881
2022-08-04 07:15:00,317,1,driving,,,1.0,0.9945,-0.55,0.0,0.0
2022-08-04 07:30:00,318,34,school,public,street,0.9945,0.9945,0.0,0.0,0.0
2022-08-04 16:00:00,352,1,driving,,,0.9945,0.9923,-0.22,0.0,0.0
2022-08-04 16:15:00,353,4,shopping,public,retail,0.9923,0.9923,0.0,0.0,0.0
2022-08-04 17:15:00,357,1,driving,,,0.9923,0.9886,-0.37,0.0,0.0
2022-08-04 17:30:00,358,64,home,home,home_detached,0.9886,1.0,1.14,11.0,1.6161
2022-08-05 09:30:00,422,1,driving,,,1.0,0.99,-1.0,0.0,0.0
2022-08-05 09:45:00,423,17,private,public,street,0.99,0.99,0.0,0.0,0.0
2022-08-05 14:00:00,440,7,driving,,,0.99,0.9688,-2.12,0.0,0.0
2022-08-05 15:45:00,447,22,leisure,public,street,0.9688,0.9688,0.0,0.0,0.0
2022-08-05 21:15:00,469,4,driving,,,0.9688,0.9405,-2.83,0.0,0.0
2022-08-05 22:15:00,473,35,work,work,work,0.9405,0.9405,0.0,0.0,0.0
2022-08-06 07:00:00,508,1,driving,,,0.9405,0.9379,-0.26,0.0,0.0
2022-08-06 07:15:00,509,4,shopping,public,retail,0.9379,0.9379,0.0,0.0,0.0
2022-08-06 08:15:00,513,2,driving,,,0.9379,0.9234,-1.45,0.0,0.0
2022-08-06 08:45:00,515,5,private,public,street,0.9234,0.9234,0.0,0.0,0.0
2022-08-06 10:00:00,520,1,driving,,,0.9234,0.9185,-0.49,0.0,0.0
2022-08-06 10:15:00,521,96,leisure,public,street,0.9185,0.9185,0.0,0.0,0.0
2022-08-07 10:15:00,617,1,driving,,,0.9185,0.9102,-0.83,0.0,0.0
2022-08-07 10:30:00,618,54,home,home,home_detached,0.9102,1.0,8.98,11.0,2.4233
