timestamp,event_start,event_time,location,use_case,charging_use_case,soc_start,soc_end,energy,station_charging_capacity,average_charging_power
2022-08-01 00:00:00,0,3,driving,,,0.5931,0.5656,-1.925,0.0,-2.566666666666667
2022-08-01 00:45:00,3,23,leisure,public,street,0.5656,0.5656,0.0,0.0,0.0
2022-08-01 06:30:00,26,1,driving,,,0.5656,0.5621,-0.24500000476837158,0.0,0.0
2022-08-01 06:45:00,27,22,school,public,street,0.5621,0.5621,0.0,0.0,0.0
2022-08-01 12:15:00,49,2,driving,,,0.5621,0.5544,-0.5389999747276306,0.0,0.0
2022-08-01 12:45:00,51,73,home,home,home_detached,0.5544,1.0,31.191999435424805,11.0,3.928999900817871
2022-08-02 07:00:00,124,2,driving,,,1.0,0.9693,-2.1489999294281006,0.0,0.0
2022-08-02 07:30:00,126,19,work,work,work,0.9693,0.9693,0.0,0.0,0.0
2022-08-02 12:15:00,145,2,driving,,,0.9693,0.9408,-1.9950000047683716,0.0,0.0
2022-08-02 12:45:00,147,78,home,home,home_detached,0.9408,1.0,4.144000053405762,11.0,2.128499984741211
2022-08-03 08:15:00,225,1,driving,,,1.0,0.9911,-0.6230000257492065,0.0,0.0
2022-08-03 08:30:00,226,88,private,public,street,0.9911,0.9911,0.0,0.0,0.0
2022-08-04 06:30:00,314,4,driving,,,0.9911,0.9785,-0.8820000290870667,0.0,0.0
2022-08-04 07:30:00,318,6,shopping,public,retail,0.9785,0.9785,0.0,0.0,0.0
2022-08-04 09:00:00,324,1,driving,,,0.9785,0.9696,-0.6230000257492065,0.0,0.0
2022-08-04 09:15:00,325,17,private,public,street,0.9696,0.9696,0.0,0.0,0.0
2022-08-04 13:30:00,342,5,driving,,,0.9696,0.9424,-1.9040000438690186,0.0,0.0
2022-08-04 14:45:00,347,5,shopping,public,retail,0.9424,0.9424,0.0,0.0,0.0
2022-08-04 16:00:00,352,7,driving,,,0.9424,0.915,-1.9179999828338623,0.0,0.0
2022-08-04 17:45:00,359,53,private,public,street,0.915,0.915,0.0,0.0,0.0
2022-08-05 07:00:00,412,2,driving,,,0.915,0.8916,-1.6380000114440918,0.0,0.0
2022-08-05 07:30:00,414,42,work,work,work,0.8916,0.8916,0.0,0.0,0.0
2022-08-05 18:00:00,456,1,driving,,,0.8916,0.8794,-0.8539999723434448,0.0,0.0
2022-08-05 18:15:00,457,1,private,public,street,0.8794,0.8794,0.0,0.0,0.0
2022-08-05 18:30:00,458,2,driving,,,0.8794,0.8531,-1.840999960899353,0.0,0.0
2022-08-05 19:00:00,460,90,home,home,home_detached,0.8531,1.0,10.282999992370605,11.0,2.8413000106811523
2022-08-06 17:30:00,550,2,driving,,,1.0,0.9744,-1.7920000553131104,0.0,0.0
2022-08-06 18:00:00,552,21,work,work,work,0.9744,0.9744,0.0,0.0,0.0
2022-08-06 23:15:00,573,1,driving,,,0.9744,0.9709,-0.24500000476837158,0.0,0.0
2022-08-06 23:30:00,574,41,home,home,home_detached,0.9709,1.0,2.0369999408721924,11.0,1.7924000024795532
2022-08-07 09:45:00,615,2,driving,,,1.0,0.9789,-1.4769999980926514,0.0,0.0
2022-08-07 10:15:00,617,16,leisure,public,street,0.9789,0.9789,0.0,0.0,0.0
2022-08-07 14:15:00,633,1,driving,,,0.9789,0.9777,-0.08399999886751175,0.0,0.0
2022-08-07 14:30:00,634,18,home,home,home_detached,0.9777,1.0,1.5609999895095825,11.0,1.7242000102996826
2022-08-07 19:00:00,652,1,driving,,,1.0,0.9781,-1.5329999923706055,0.0,0.0
2022-08-07 19:15:00,653,4,private,public,street,0.9781,0.9781,0.0,0.0,0.0
2022-08-07 20:15:00,657,1,driving,,,0.9781,0.9692,-0.6230000257492065,0.0,0.0
2022-08-07 20:30:00,658,14,home,home,home_detached,0.9692,1.0,2.1559998989105225,11.0,1.8288999795913696
