timestamp,event_start,event_time,location,use_case,charging_use_case,soc_start,soc_end,energy,station_charging_capacity,average_charging_power
2022-08-01 00:00:00,0,30,leisure,public,street,0.9836,0.9836,0.0,0.0,0.0
2022-08-01 07:30:00,30,2,driving,,,0.9836,0.9559,-2.77,0.0,0.0
2022-08-01 08:00:00,32,101,work,work,work,0.9559,0.9559,0.0,0.0,0.0
2022-08-02 09:15:00,133,2,driving,,,0.9559,0.9432,-1.27,0.0,0.0
2022-08-02 09:45:00,135,10,private,public,street,0.9432,0.9432,0.0,0.0,0.0
2022-08-02 12:15:00,145,5,driving,,,0.9432,0.9161,-2.71,0.0,0.0
2022-08-02 13:30:00,150,70,home,home,home_detached,0.9161,1.0,8.39,11.0,2.2284
2022-08-03 07:00:00,220,5,driving,,,1.0,0.9819,-1.81,0.0,0.0
2022-08-03 08:15:00,225,1,private,public,street,0.9819,0.9819,0.0,0.0,0.0
2022-08-03 08:30:00,226,1,driving,,,0.9819,0.9686,-1.33,0.0,0.0
2022-08-03 08:45:00,227,35,work,work,work,0.9686,0.9686,0.0,0.0,0.0
2022-08-03 17:30:00,262,1,driving,,,0.9686,0.9675,-0.11,0.0,0.0
2022-08-03 17:45:00,263,63,home,home,home_detached,0.9675,1.0,3.25,11.0,1.8674
2022-08-04 09:30:00,326,2,driving,,,1.0,0.9939,-0.61,0.0,0.0
2022-08-04 10:00:00,328,6,shopping,public,retail,0.9939,0.9939,0.0,0.0,0.0
2022-08-04 11:30:00,334,1,driving,,,0.9939,0.992,-0.19,0.0,0.0
2022-08-04 11:45:00,335,17,private,public,street,0.992,0.992,0.0,0.0,0.0
2022-08-04 16:00:00,352,5,driving,,,0.992,0.8985,-9.35,0.0,0.0
2022-08-04 17:15:00,357,20,home,home,home_detached,0.8985,1.0,10.15,11.0,2.5408
2022-08-04 22:15:00,377,19,driving,,,1.0,0.9338,-6.62,0.0,0.0
2022-08-05 03:00:00,396,34,leisure,public,street,0.9338,0.9338,0.0,0.0,0.0
2022-08-05 11:30:00,430,1,driving,,,0.9338,0.9325,-0.13,0.0,0.0
2022-08-05 11:45:00,431,4,shopping,public,retail,0.9325,0.9325,0.0,0.0,0.0
2022-08-05 12:45:00,435,1,driving,,,0.9325,0.9243,-0.82,0.0,0.0
2022-08-05 13:00:00,436,15,business,public,street,0.9243,0.9243,0.0,0.0,0.0
2022-08-05 16:45:00,451,1,driving,,,0.9243,0.9174,-0.69,0.0,0.0
2022-08-05 17:00:00,452,4,shopping,public,retail,0.9174,0.9174,0.0,0.0,0.0
2022-08-05 18:00:00,456,1,driving,,,0.9174,0.9153,-0.21,0.0,0.0
2022-08-05 18:15:00,457,16,leisure,public,street,0.9153,0.9153,0.0,0.0,0.0
2022-08-05 22:15:00,473,1,driving,,,0.9153,0.9143,-0.1,0.0,0.0
2022-08-05 22:30:00,474,35,private,public,street,0.9143,0.9143,0.0,0.0,0.0
2022-08-06 07:15:00,509,2,driving,,,0.9143,0.9025,-1.18,0.0,0.0
2022-08-06 07:45:00,511,102,home,home,home_detached,0.9025,1.0,9.75,11.0,2.4826
2022-08-07 09:15:00,613,1,driving,,,1.0,0.999,-0.1,0.0,0.0
2022-08-07 09:30:00,614,7,private,public,street,0.999,0.999,0.0,0.0,0.0
2022-08-07 11:15:00,621,1,driving,,,0.999,0.995,-0.4,0.0,0.0
2022-08-07 11:30:00,622,11,leisure,public,street,0.995,0.995,0.0,0.0,0.0
2022-08-07 14:15:00,633,5,driving,,,0.995,0.9105,-8.45,0.0,0.0
2022-08-07 15:30:00,638,34,home,home,home_detached,0.9105,1.0,8.95,11.0,2.4192
