timestamp,event_start,event_time,location,use_case,charging_use_case,soc_start,soc_end,energy,station_charging_capacity,average_charging_power
2022-08-01 00:00:00,0,23,home,home,home_detached,1.0,1.0,0.0,11.0,0.0
2022-08-01 05:45:00,23,1,driving,,,1.0,0.9809,-1.337,0.0,0.0
2022-08-01 06:00:00,24,32,work,work,work,0.9809,0.9809,0.0,0.0,0.0
2022-08-01 14:00:00,56,1,driving,,,0.9809,0.9742,-0.469,0.0,0.0
2022-08-01 14:15:00,57,9,home,home,home_detached,0.9742,1.0,1.806,11.0,1.7396
2022-08-01 16:30:00,66,1,driving,,,1.0,0.9801,-1.393,0.0,0.0
2022-08-01 16:45:00,67,81,leisure,public,street,0.9801,0.9801,0.0,0.0,0.0
2022-08-02 13:00:00,148,1,driving,,,0.9801,0.9745,-0.392,0.0,0.0
2022-08-02 13:15:00,149,71,home,home,home_detached,0.9745,1.0,1.785,11.0,1.7278
2022-08-03 07:00:00,220,2,driving,,,1.0,0.9722,-1.946,0.0,0.0
2022-08-03 07:30:00,222,19,work,work,work,0.9722,0.9722,0.0,0.0,0.0
2022-08-03 12:15:00,241,10,driving,,,0.9722,0.8762,-6.72,0.0,0.0
2022-08-03 14:45:00,251,64,home,home,home_detached,0.8762,1.0,8.666,11.0,2.7054
2022-08-04 06:45:00,315,1,driving,,,1.0,0.9964,-0.252,0.0,0.0
2022-08-04 07:00:00,316,8,leisure,public,street,0.9964,0.9964,0.0,0.0,0.0
2022-08-04 09:00:00,324,2,driving,,,0.9964,0.978,-1.288,0.0,0.0
2022-08-04 09:30:00,326,8,shopping,public,retail,0.978,0.978,0.0,0.0,0.0
2022-08-04 11:30:00,334,2,driving,,,0.978,0.9615,-1.155,0.0,0.0
2022-08-04 12:00:00,336,4,private,public,street,0.9615,0.9615,0.0,0.0,0.0
2022-08-04 13:00:00,340,1,driving,,,0.9615,0.9592,-0.161,0.0,0.0
2022-08-04 13:15:00,341,36,home,home,home_detached,0.9592,1.0,2.856,11.0,1.8803
2022-08-04 22:15:00,377,3,driving,,,1.0,0.9766,-1.638,0.0,0.0
2022-08-04 23:00:00,380,29,leisure,public,street,0.9766,0.9766,0.0,0.0,0.0
2022-08-05 06:15:00,409,2,driving,,,0.9766,0.9357,-2.863,0.0,0.0
2022-08-05 06:45:00,411,37,work,work,work,0.9357,0.9357,0.0,0.0,0.0
2022-08-05 16:00:00,448,9,driving,,,0.9357,0.9189,-1.176,0.0,0.0
2022-08-05 18:15:00,457,14,business,public,street,0.9189,0.9189,0.0,0.0,0.0
2022-08-05 21:45:00,471,2,driving,,,0.9189,0.8948,-1.687,0.0,0.0
2022-08-05 22:15:00,473,67,home,home,home_detached,0.8948,1.0,7.364,11.0,2.5303
2022-08-06 15:00:00,540,1,driving,,,1.0,0.9989,-0.077,0.0,0.0
2022-08-06 15:15:00,541,11,shopping,public,retail,0.9989,0.9989,0.0,0.0,0.0
2022-08-06 18:00:00,552,1,driving,,,0.9989,0.9911,-0.546,0.0,0.0
2022-08-06 18:15:00,553,4,private,public,street,0.9911,0.9911,0.0,0.0,0.0
2022-08-06 19:15:00,557,9,driving,,,0.9911,0.9294,-4.319,0.0,0.0
2022-08-06 21:30:00,566,31,leisure,public,street,0.9294,0.9294,0.0,0.0,0.0
2022-08-07 05:15:00,597,2,driving,,,0.9294,0.8914,-2.66,0.0,0.0
2022-08-07 05:45:00,599,21,work,work,work,0.8914,0.8914,0.0,0.0,0.0
2022-08-07 11:00:00,620,1,driving,,,0.8914,0.8902,-0.084,0.0,0.0
2022-08-07 11:15:00,621,51,home,home,home_detached,0.8902,1.0,7.686,11.0,2.4325
