timestamp,event_start,event_time,location,use_case,charging_use_case,soc_start,soc_end,energy,station_charging_capacity,average_charging_power
2022-08-01 00:00:00,0,22,leisure,public,street,0.6314,0.6314,0.0,0.0,0.0
2022-08-01 05:30:00,22,1,driving,,,0.6314,0.6225,-0.623,0.0,0.0
2022-08-01 05:45:00,23,47,work,work,work,0.6225,0.6225,0.0,0.0,0.0
2022-08-01 17:30:00,70,7,driving,,,0.6225,0.593,-2.065,0.0,0.0
2022-08-01 19:15:00,77,91,home,home,home_detached,0.593,1.0,28.49,11.0,4.452
2022-08-02 18:00:00,168,1,driving,,,1.0,0.9998,-0.014,0.0,0.0
2022-08-02 18:15:00,169,46,leisure,public,street,0.9998,0.9998,0.0,0.0,0.0
2022-08-03 05:45:00,215,1,driving,,,0.9998,0.9997,-0.007,0.0,0.0
2022-08-03 06:00:00,216,18,work,work,work,0.9997,0.9997,0.0,0.0,0.0
2022-08-03 10:30:00,234,1,driving,,,0.9997,0.9854,-1.001,0.0,0.0
2022-08-03 10:45:00,235,10,home,home,home_detached,0.9854,1.0,1.022,11.0,1.6328
2022-08-03 13:15:00,245,2,driving,,,1.0,0.9916,-0.588,0.0,0.0
2022-08-03 13:45:00,247,5,private,public,street,0.9916,0.9916,0.0,0.0,0.0
2022-08-03 15:00:00,252,1,driving,,,0.9916,0.991,-0.042,0.0,0.0
2022-08-03 15:15:00,253,4,shopping,public,retail,0.991,0.991,0.0,0.0,0.0
2022-08-03 16:15:00,257,1,driving,,,0.991,0.9796,-0.798,0.0,0.0
2022-08-03 16:30:00,258,11,private,public,street,0.9796,0.9796,0.0,0.0,0.0
2022-08-03 19:15:00,269,1,driving,,,0.9796,0.9684,-0.784,0.0,0.0
2022-08-03 19:30:00,270,38,home,home,home_detached,0.9684,1.0,2.212,11.0,1.845
2022-08-04 05:00:00,308,1,driving,,,1.0,0.9842,-1.106,0.0,0.0
2022-08-04 05:15:00,309,39,work,work,work,0.9842,0.9842,0.0,0.0,0.0
2022-08-04 15:00:00,348,3,driving,,,0.9842,0.972,-0.854,0.0,0.0
2022-08-04 15:45:00,351,4,private,public,street,0.972,0.972,0.0,0.0,0.0
2022-08-04 16:45:00,355,5,driving,,,0.972,0.9364,-2.492,0.0,0.0
2022-08-04 18:00:00,360,57,home,home,home_detached,0.9364,1.0,4.452,11.0,2.1323
2022-08-05 08:15:00,417,6,driving,,,1.0,0.9606,-2.758,0.0,0.0
2022-08-05 09:45:00,423,43,work,work,work,0.9606,0.9606,0.0,0.0,0.0
2022-08-05 20:30:00,466,35,driving,,,0.9606,0.7014,-18.144,0.0,0.0
2022-08-06 05:15:00,501,11,home,home,home_detached,0.7014,0.9102,14.616,11.0,5.3143
2022-08-06 08:00:00,512,1,driving,,,0.9102,0.9078,-0.168,0.0,0.0
2022-08-06 08:15:00,513,7,private,public,street,0.9078,0.9078,0.0,0.0,0.0
2022-08-06 10:00:00,520,2,driving,,,0.9078,0.8896,-1.274,0.0,0.0
2022-08-06 10:30:00,522,7,shopping,public,retail,0.8896,0.8896,0.0,0.0,0.0
2022-08-06 12:15:00,529,1,driving,,,0.8896,0.8763,-0.931,0.0,0.0
2022-08-06 12:30:00,530,6,home,home,home_detached,0.8763,0.951,5.229,11.0,3.4865
2022-08-06 14:00:00,536,1,driving,,,0.951,0.9509,-0.007,0.0,0.0
2022-08-06 14:15:00,537,8,private,public,street,0.9509,0.9509,0.0,0.0,0.0
2022-08-06 16:15:00,545,1,driving,,,0.9509,0.9478,-0.217,0.0,0.0
2022-08-06 16:30:00,546,7,home,home,home_detached,0.9478,0.9999,3.647,11.0,2.082
2022-08-06 18:15:00,553,1,driving,,,0.9999,0.9893,-0.742,0.0,0.0
2022-08-06 18:30:00,554,65,leisure,public,street,0.9893,0.9893,0.0,0.0,0.0
2022-08-07 10:45:00,619,1,driving,,,0.9893,0.9877,-0.112,0.0,0.0
2022-08-07 11:00:00,620,4,private,public,street,0.9877,0.9877,0.0,0.0,0.0
2022-08-07 12:00:00,624,1,driving,,,0.9877,0.9693,-1.288,0.0,0.0
2022-08-07 12:15:00,625,47,home,home,home_detached,0.9693,1.0,2.149,11.0,1.827
