timestamp,event_start,event_time,location,use_case,charging_use_case,soc_start,soc_end,energy,station_charging_capacity,average_charging_power
2022-08-01 00:00:00,0,14,driving,,,0.9776,0.8846,-6.5084,0.0,-1.8595428571428572
2022-08-01 03:30:00,14,52,home,home,home_detached,0.8846,1.0,8.07800006866455,11.0,2.592900037765503
2022-08-01 16:30:00,66,1,driving,,,1.0,0.9992,-0.0560000017285347,0.0,0.0
2022-08-01 16:45:00,67,1,private,public,street,0.9992,0.9992,0.0,0.0,0.0
2022-08-01 17:00:00,68,3,driving,,,0.9992,0.9869,-0.8610000014305115,0.0,0.0
2022-08-01 17:45:00,71,4,home,home,home_detached,0.9869,1.0,0.9169999957084656,11.0,1.6013000011444092
2022-08-01 18:45:00,75,1,driving,,,1.0,0.9965,-0.24500000476837158,0.0,0.0
2022-08-01 19:00:00,76,16,business,public,street,0.9965,0.9965,0.0,0.0,0.0
2022-08-01 23:00:00,92,2,driving,,,0.9965,0.9802,-1.1410000324249268,0.0,0.0
2022-08-01 23:30:00,94,29,home,home,home_detached,0.9802,1.0,1.3860000371932983,11.0,1.6820000410079956
2022-08-02 06:45:00,123,1,driving,,,1.0,0.9946,-0.3779999911785126,0.0,0.0
2022-08-02 07:00:00,124,51,work,work,work,0.9946,0.9946,0.0,0.0,0.0
2022-08-02 19:45:00,175,4,driving,,,0.9946,0.9719,-1.5889999866485596,0.0,0.0
2022-08-02 20:45:00,179,2,business,public,street,0.9719,0.9719,0.0,0.0,0.0
2022-08-02 21:15:00,181,3,driving,,,0.9719,0.9566,-1.0709999799728394,0.0,0.0
2022-08-02 22:00:00,184,34,home,home,home_detached,0.9566,1.0,3.0380001068115234,11.0,1.930799961090088
2022-08-03 06:30:00,218,2,driving,,,1.0,0.9894,-0.7419999837875366,0.0,0.0
2022-08-03 07:00:00,220,5,private,public,street,0.9894,0.9894,0.0,0.0,0.0
2022-08-03 08:15:00,225,1,driving,,,0.9894,0.988,-0.09799999743700027,0.0,0.0
2022-08-03 08:30:00,226,6,business,public,street,0.988,0.988,0.0,0.0,0.0
2022-08-03 10:00:00,232,1,driving,,,0.988,0.9758,-0.8539999723434448,0.0,0.0
2022-08-03 10:15:00,233,4,private,public,street,0.9758,0.9758,0.0,0.0,0.0
2022-08-03 11:15:00,237,3,driving,,,0.9758,0.9544,-1.4980000257492065,0.0,0.0
2022-08-03 12:00:00,240,22,home,home,home_detached,0.9544,1.0,3.191999912261963,11.0,1.9670000076293945
2022-08-03 17:30:00,262,1,driving,,,1.0,0.9992,-0.0560000017285347,0.0,0.0
2022-08-03 17:45:00,263,3,private,public,street,0.9992,0.9992,0.0,0.0,0.0
2022-08-03 18:30:00,266,1,driving,,,0.9992,0.9897,-0.6650000214576721,0.0,0.0
2022-08-03 18:45:00,267,17,leisure,public,street,0.9897,0.9897,0.0,0.0,0.0
2022-08-03 23:00:00,284,1,driving,,,0.9897,0.9836,-0.4269999861717224,0.0,0.0
2022-08-03 23:15:00,285,50,home,home,home_detached,0.9836,1.0,1.1480000019073486,11.0,1.6684999465942383
2022-08-04 11:45:00,335,1,driving,,,1.0,0.9984,-0.1120000034570694,0.0,0.0
2022-08-04 12:00:00,336,24,private,public,street,0.9984,0.9984,0.0,0.0,0.0
2022-08-04 18:00:00,360,3,driving,,,0.9984,0.9882,-0.7139999866485596,0.0,0.0
2022-08-04 18:45:00,363,49,home,home,home_detached,0.9882,1.0,0.8259999752044678,11.0,1.5846999883651733
2022-08-05 07:00:00,412,3,driving,,,1.0,0.9441,-3.9130001068115234,0.0,0.0
2022-08-05 07:45:00,415,30,work,work,work,0.9441,0.9441,0.0,0.0,0.0
2022-08-05 15:15:00,445,1,driving,,,0.9441,0.9421,-0.14000000059604645,0.0,0.0
2022-08-05 15:30:00,446,7,shopping,public,retail,0.9421,0.9421,0.0,0.0,0.0
2022-08-05 17:15:00,453,1,driving,,,0.9421,0.9369,-0.36399999260902405,0.0,0.0
2022-08-05 17:30:00,454,97,home,home,home_detached,0.9369,1.0,4.416999816894531,11.0,2.1236000061035156
2022-08-06 17:45:00,551,1,driving,,,1.0,0.9947,-0.3709999918937683,0.0,0.0
2022-08-06 18:00:00,552,58,shopping,public,retail,0.9947,0.9947,0.0,0.0,0.0
2022-08-07 08:30:00,610,1,driving,,,0.9947,0.9888,-0.4129999876022339,0.0,0.0
2022-08-07 08:45:00,611,9,leisure,public,street,0.9888,0.9888,0.0,0.0,0.0
2022-08-07 11:00:00,620,1,driving,,,0.9888,0.9887,-0.007000000216066837,0.0,0.0
2022-08-07 11:15:00,621,9,home,home,home_detached,0.9887,1.0,0.7910000085830688,11.0,1.5710999965667725
2022-08-07 13:30:00,630,6,driving,,,1.0,0.972,-1.9600000381469727,0.0,0.0
2022-08-07 15:00:00,636,14,leisure,public,street,0.972,0.972,0.0,0.0,0.0
2022-08-07 18:30:00,650,1,driving,,,0.972,0.9577,-1.0010000467300415,0.0,0.0
2022-08-07 18:45:00,651,21,home,home,home_detached,0.9577,1.0,2.9609999656677246,11.0,1.9767999649047852
