timestamp,event_start,event_time,location,use_case,charging_use_case,soc_start,soc_end,energy,station_charging_capacity,average_charging_power
2022-08-01 00:00:00,0,41,home,home,home_detached,0.9159,1.0,8.4144,11.0,0.8209170731707318
2022-08-01 10:15:00,41,1,driving,,,1.0,0.9951,-0.49000000953674316,0.0,0.0
2022-08-01 10:30:00,42,9,leisure,public,street,0.9951,0.9951,0.0,0.0,0.0
2022-08-01 12:45:00,51,1,driving,,,0.9951,0.9888,-0.6299999952316284,0.0,0.0
2022-08-01 13:00:00,52,10,shopping,public,retail,0.9888,0.9888,0.0,0.0,0.0
2022-08-01 15:30:00,62,1,driving,,,0.9888,0.9801,-0.8700000047683716,0.0,0.0
2022-08-01 15:45:00,63,5,private,public,street,0.9801,0.9801,0.0,0.0,0.0
2022-08-01 17:00:00,68,1,driving,,,0.9801,0.978,-0.20999999344348907,0.0,0.0
2022-08-01 17:15:00,69,93,leisure,public,street,0.978,0.978,0.0,0.0,0.0
2022-08-02 16:30:00,162,2,driving,,,0.978,0.9763,-0.17000000178813934,0.0,0.0
2022-08-02 17:00:00,164,71,home,home,home_detached,0.9763,1.0,2.369999885559082,11.0,1.7430000305175781
2022-08-03 10:45:00,235,3,driving,,,1.0,0.9862,-1.3799999952316284,0.0,0.0
2022-08-03 11:30:00,238,2,private,public,street,0.9862,0.9862,0.0,0.0,0.0
2022-08-03 12:00:00,240,1,driving,,,0.9862,0.9862,0.0,0.0,0.0
2022-08-03 12:15:00,241,69,home,home,home_detached,0.9862,1.0,1.3799999952316284,11.0,1.6240999698638916
2022-08-04 05:30:00,310,2,driving,,,1.0,0.9913,-0.8700000047683716,0.0,0.0
2022-08-04 06:00:00,312,47,work,work,work,0.9913,0.9913,0.0,0.0,0.0
2022-08-04 17:45:00,359,1,driving,,,0.9913,0.9845,-0.6800000071525574,0.0,0.0
2022-08-04 18:00:00,360,54,home,home,home_detached,0.9845,1.0,1.5499999523162842,11.0,1.6607999801635742
2022-08-05 07:30:00,414,2,driving,,,1.0,0.9848,-1.5199999809265137,0.0,0.0
2022-08-05 08:00:00,416,26,work,work,work,0.9848,0.9848,0.0,0.0,0.0
2022-08-05 14:30:00,442,2,driving,,,0.9848,0.9728,-1.2000000476837158,0.0,0.0
2022-08-05 15:00:00,444,1,shopping,public,retail,0.9728,0.9728,0.0,0.0,0.0
2022-08-05 15:15:00,445,9,driving,,,0.9728,0.8596,-11.319999694824219,0.0,0.0
2022-08-05 17:30:00,454,47,home,home,home_detached,0.8596,1.0,14.039999961853027,11.0,2.84060001373291
2022-08-06 05:15:00,501,1,driving,,,1.0,0.9984,-0.1599999964237213,0.0,0.0
2022-08-06 05:30:00,502,51,work,work,work,0.9984,0.9984,0.0,0.0,0.0
2022-08-06 18:15:00,553,1,driving,,,0.9984,0.9964,-0.20000000298023224,0.0,0.0
2022-08-06 18:30:00,554,12,leisure,public,street,0.9964,0.9964,0.0,0.0,0.0
2022-08-06 21:30:00,566,1,driving,,,0.9964,0.9863,-1.0099999904632568,0.0,0.0
2022-08-06 21:45:00,567,72,home,home,home_detached,0.9863,1.0,1.3700000047683716,11.0,1.6253000497817993
2022-08-07 15:45:00,639,5,driving,,,1.0,0.9597,-4.03000020980835,0.0,0.0
2022-08-07 17:00:00,644,22,leisure,public,street,0.9597,0.9597,0.0,0.0,0.0
2022-08-07 22:30:00,666,1,driving,,,0.9597,0.9512,-0.8500000238418579,0.0,0.0
2022-08-07 22:45:00,667,5,home,home,home_detached,0.9512,0.9804,2.9200000762939453,11.0,2.336699962615967
