timestamp,event_start,event_time,location,use_case,charging_use_case,soc_start,soc_end,energy,station_charging_capacity,average_charging_power
2022-08-01 00:00:00,0,28,home,home,home_detached,0.996,1.0,0.3983,11.0,0.0569
2022-08-01 07:00:00,28,2,driving,,,1.0,0.9941,-0.5899999737739563,0.0,0.0
2022-08-01 07:30:00,30,40,work,work,work,0.9941,0.9941,0.0,0.0,0.0
2022-08-01 17:30:00,70,4,driving,,,0.9941,0.976,-1.809999942779541,0.0,0.0
2022-08-01 18:30:00,74,5,private,public,street,0.976,0.976,0.0,0.0,0.0
2022-08-01 19:45:00,79,1,driving,,,0.976,0.9673,-0.8700000047683716,0.0,0.0
2022-08-01 20:00:00,80,37,leisure,public,street,0.9673,0.9673,0.0,0.0,0.0
2022-08-02 05:15:00,117,2,driving,,,0.9673,0.9592,-0.8100000023841858,0.0,0.0
2022-08-02 05:45:00,119,5,work,work,work,0.9592,0.9592,0.0,0.0,0.0
2022-08-02 07:00:00,124,1,driving,,,0.9592,0.9592,0.0,0.0,0.0
2022-08-02 07:15:00,125,12,private,public,street,0.9592,0.9592,0.0,0.0,0.0
2022-08-02 10:15:00,137,2,driving,,,0.9592,0.9472,-1.2000000476837158,0.0,0.0
2022-08-02 10:45:00,139,7,shopping,public,retail,0.9472,0.9472,0.0,0.0,0.0
2022-08-02 12:30:00,146,1,driving,,,0.9472,0.9404,-0.6800000071525574,0.0,0.0
2022-08-02 12:45:00,147,85,home,home,home_detached,0.9404,1.0,5.960000038146973,11.0,2.107300043106079
2022-08-03 10:00:00,232,1,driving,,,1.0,0.996,-0.4000000059604645,0.0,0.0
2022-08-03 10:15:00,233,3,shopping,public,retail,0.996,0.996,0.0,0.0,0.0
2022-08-03 11:00:00,236,4,driving,,,0.996,0.9597,-3.630000114440918,0.0,0.0
2022-08-03 12:00:00,240,5,business,public,street,0.9597,0.9597,0.0,0.0,0.0
2022-08-03 13:15:00,245,1,driving,,,0.9597,0.9597,0.0,0.0,0.0
2022-08-03 13:30:00,246,100,home,home,home_detached,0.9597,1.0,4.03000020980835,11.0,1.9200999736785889
2022-08-04 14:30:00,346,1,driving,,,1.0,0.9937,-0.6299999952316284,0.0,0.0
2022-08-04 14:45:00,347,4,private,public,street,0.9937,0.9937,0.0,0.0,0.0
2022-08-04 15:45:00,351,9,driving,,,0.9937,0.9635,-3.0199999809265137,0.0,0.0
2022-08-04 18:00:00,360,70,home,home,home_detached,0.9635,1.0,3.6500000953674316,11.0,1.8478000164031982
2022-08-05 11:30:00,430,2,driving,,,1.0,0.9876,-1.2400000095367432,0.0,0.0
2022-08-05 12:00:00,432,6,shopping,public,retail,0.9876,0.9876,0.0,0.0,0.0
2022-08-05 13:30:00,438,1,driving,,,0.9876,0.9731,-1.4500000476837158,0.0,0.0
2022-08-05 13:45:00,439,13,leisure,public,street,0.9731,0.9731,0.0,0.0,0.0
2022-08-05 17:00:00,452,1,driving,,,0.9731,0.9657,-0.7400000095367432,0.0,0.0
2022-08-05 17:15:00,453,6,shopping,public,retail,0.9657,0.9657,0.0,0.0,0.0
2022-08-05 18:45:00,459,1,driving,,,0.9657,0.9657,0.0,0.0,0.0
2022-08-05 19:00:00,460,51,home,home,home_detached,0.9657,1.0,3.430000066757202,11.0,1.8567999601364136
2022-08-06 07:45:00,511,1,driving,,,1.0,0.9956,-0.4399999976158142,0.0,0.0
2022-08-06 08:00:00,512,6,private,public,street,0.9956,0.9956,0.0,0.0,0.0
2022-08-06 09:30:00,518,1,driving,,,0.9956,0.9932,-0.23999999463558197,0.0,0.0
2022-08-06 09:45:00,519,5,shopping,public,retail,0.9932,0.9932,0.0,0.0,0.0
2022-08-06 11:00:00,524,1,driving,,,0.9932,0.9931,-0.009999999776482582,0.0,0.0
2022-08-06 11:15:00,525,34,home,home,home_detached,0.9931,1.0,0.6899999976158142,11.0,1.555799961090088
2022-08-06 19:45:00,559,2,driving,,,1.0,0.9846,-1.5399999618530273,0.0,0.0
2022-08-06 20:15:00,561,7,shopping,public,retail,0.9846,0.9846,0.0,0.0,0.0
2022-08-06 22:00:00,568,1,driving,,,0.9846,0.9845,-0.009999999776482582,0.0,0.0
2022-08-06 22:15:00,569,49,home,home,home_detached,0.9845,1.0,1.5499999523162842,11.0,1.6606999635696411
2022-08-07 10:30:00,618,2,driving,,,1.0,0.9912,-0.8799999952316284,0.0,0.0
2022-08-07 11:00:00,620,8,private,public,street,0.9912,0.9912,0.0,0.0,0.0
2022-08-07 13:00:00,628,1,driving,,,0.9912,0.9895,-0.17000000178813934,0.0,0.0
2022-08-07 13:15:00,629,43,home,home,home_detached,0.9895,1.0,1.0499999523162842,11.0,1.5964000225067139
