timestamp,event_start,event_time,location,use_case,charging_use_case,soc_start,soc_end,energy,station_charging_capacity,average_charging_power
2022-08-01 00:00:00,0,38,home,home,home_detached,1.0,1.0,0.0,11.0,0.0
2022-08-01 09:30:00,38,7,driving,,,1.0,0.9775,-2.25,0.0,0.0
2022-08-01 11:15:00,45,3,private,public,street,0.9775,0.9775,0.0,0.0,0.0
2022-08-01 12:00:00,48,3,driving,,,0.9775,0.9621,-1.54,0.0,0.0
2022-08-01 12:45:00,51,14,leisure,public,street,0.9621,0.9621,0.0,0.0,0.0
2022-08-01 16:15:00,65,9,driving,,,0.9621,0.934,-2.81,0.0,0.0
2022-08-01 18:30:00,74,3,private,public,street,0.934,0.934,0.0,0.0,0.0
2022-08-01 19:15:00,77,1,driving,,,0.934,0.9323,-0.17,0.0,0.0
2022-08-01 19:30:00,78,42,home,home,home_detached,0.9323,1.0,6.77,11.0,2.1323
2022-08-02 06:00:00,120,4,driving,,,1.0,0.9841,-1.59,0.0,0.0
2022-08-02 07:00:00,124,24,work,work,work,0.9841,0.9841,0.0,0.0,0.0
2022-08-02 13:00:00,148,2,driving,,,0.9841,0.9725,-1.16,0.0,0.0
2022-08-02 13:30:00,150,12,leisure,public,street,0.9725,0.9725,0.0,0.0,0.0
2022-08-02 16:30:00,162,1,driving,,,0.9725,0.9674,-0.51,0.0,0.0
2022-08-02 16:45:00,163,9,home,home,home_detached,0.9674,1.0,3.26,11.0,1.8212
2022-08-02 19:00:00,172,4,driving,,,1.0,0.9625,-3.75,0.0,0.0
2022-08-02 20:00:00,176,38,leisure,public,street,0.9625,0.9625,0.0,0.0,0.0
2022-08-03 05:30:00,214,2,driving,,,0.9625,0.9473,-1.52,0.0,0.0
2022-08-03 06:00:00,216,40,work,work,work,0.9473,0.9473,0.0,0.0,0.0
2022-08-03 16:00:00,256,4,driving,,,0.9473,0.9347,-1.26,0.0,0.0
2022-08-03 17:00:00,260,57,home,home,home_detached,0.9347,1.0,6.53,11.0,2.2005
2022-08-04 07:15:00,317,1,driving,,,1.0,0.9934,-0.66,0.0,0.0
2022-08-04 07:30:00,318,27,work,work,work,0.9934,0.9934,0.0,0.0,0.0
2022-08-04 14:15:00,345,2,driving,,,0.9934,0.9871,-0.63,0.0,0.0
2022-08-04 14:45:00,347,2,private,public,street,0.9871,0.9871,0.0,0.0,0.0
2022-08-04 15:15:00,349,2,driving,,,0.9871,0.9795,-0.76,0.0,0.0
2022-08-04 15:45:00,351,4,home,home,home_detached,0.9795,0.9973,1.78,11.0,1.7723
2022-08-04 16:45:00,355,7,driving,,,0.9973,0.9823,-1.5,0.0,0.0
2022-08-04 18:30:00,362,12,private,public,street,0.9823,0.9823,0.0,0.0,0.0
2022-08-04 21:30:00,374,9,driving,,,0.9823,0.9261,-5.62,0.0,0.0
2022-08-04 23:45:00,383,51,home,home,home_detached,0.9261,1.0,7.39,11.0,2.2874
2022-08-05 12:30:00,434,1,driving,,,1.0,0.9957,-0.43,0.0,0.0
2022-08-05 12:45:00,435,4,shopping,public,retail,0.9957,0.9957,0.0,0.0,0.0
2022-08-05 13:45:00,439,2,driving,,,0.9957,0.9819,-1.38,0.0,0.0
2022-08-05 14:15:00,441,7,private,public,street,0.9819,0.9819,0.0,0.0,0.0
2022-08-05 16:00:00,448,4,driving,,,0.9819,0.9741,-0.78,0.0,0.0
2022-08-05 17:00:00,452,6,leisure,public,street,0.9741,0.9741,0.0,0.0,0.0
2022-08-05 18:30:00,458,3,driving,,,0.9741,0.9632,-1.09,0.0,0.0
2022-08-05 19:15:00,461,55,home,home,home_detached,0.9632,1.0,3.68,11.0,1.8534
2022-08-06 09:00:00,516,2,driving,,,1.0,0.9922,-0.78,0.0,0.0
2022-08-06 09:30:00,518,6,leisure,public,street,0.9922,0.9922,0.0,0.0,0.0
2022-08-06 11:00:00,524,3,driving,,,0.9922,0.9848,-0.74,0.0,0.0
2022-08-06 11:45:00,527,2,shopping,public,retail,0.9848,0.9848,0.0,0.0,0.0
2022-08-06 12:15:00,529,2,driving,,,0.9848,0.9804,-0.44,0.0,0.0
2022-08-06 12:45:00,531,3,private,public,street,0.9804,0.9804,0.0,0.0,0.0
2022-08-06 13:30:00,534,1,driving,,,0.9804,0.9762,-0.42,0.0,0.0
2022-08-06 13:45:00,535,7,home,home,home_detached,0.9762,1.0,2.38,11.0,1.7042
2022-08-06 15:30:00,542,4,driving,,,1.0,0.9587,-4.13,0.0,0.0
2022-08-06 16:30:00,546,69,leisure,public,street,0.9587,0.9587,0.0,0.0,0.0
2022-08-07 09:45:00,615,2,driving,,,0.9587,0.9493,-0.94,0.0,0.0
2022-08-07 10:15:00,617,4,private,public,street,0.9493,0.9493,0.0,0.0,0.0
2022-08-07 11:15:00,621,1,driving,,,0.9493,0.9415,-0.78,0.0,0.0
2022-08-07 11:30:00,622,10,leisure,public,street,0.9415,0.9415,0.0,0.0,0.0
2022-08-07 14:00:00,632,1,driving,,,0.9415,0.9348,-0.67,0.0,0.0
2022-08-07 14:15:00,633,14,home,home,home_detached,0.9348,1.0,6.52,11.0,2.1995
2022-08-07 17:45:00,647,8,driving,,,1.0,0.8955,-10.45,0.0,0.0
2022-08-07 19:45:00,655,14,leisure,public,street,0.8955,0.8955,0.0,0.0,0.0
2022-08-07 23:15:00,669,1,driving,,,0.8955,0.8921,-0.34,0.0,0.0
2022-08-07 23:30:00,670,2,home,home,home_detached,0.8921,0.9111,1.9,11.0,3.8008
