timestamp,event_start,event_time,location,use_case,charging_use_case,soc_start,soc_end,energy,station_charging_capacity,average_charging_power
2022-08-01 00:00:00,0,25,home,home,home_detached,0.9981,1.0,0.131,11.0,0.02096
2022-08-01 06:15:00,25,2,driving,,,1.0,0.9798,-1.4140000343322754,0.0,0.0
2022-08-01 06:45:00,27,24,work,work,work,0.9798,0.9798,0.0,0.0,0.0
2022-08-01 12:45:00,51,1,driving,,,0.9798,0.9764,-0.23800000548362732,0.0,0.0
2022-08-01 13:00:00,52,7,shopping,public,retail,0.9764,0.9764,0.0,0.0,0.0
2022-08-01 14:45:00,59,2,driving,,,0.9764,0.9591,-1.2109999656677246,0.0,0.0
2022-08-01 15:15:00,61,73,home,home,home_detached,0.9591,1.0,2.86299991607666,11.0,1.9510999917984009
2022-08-02 09:30:00,134,2,driving,,,1.0,0.9909,-0.6370000243186951,0.0,0.0
2022-08-02 10:00:00,136,2,private,public,street,0.9909,0.9909,0.0,0.0,0.0
2022-08-02 10:30:00,138,1,driving,,,0.9909,0.9847,-0.4339999854564667,0.0,0.0
2022-08-02 10:45:00,139,90,home,home,home_detached,0.9847,1.0,1.0709999799728394,11.0,1.6461000442504883
2022-08-03 09:15:00,229,1,driving,,,1.0,0.9952,-0.335999995470047,0.0,0.0
2022-08-03 09:30:00,230,20,leisure,public,street,0.9952,0.9952,0.0,0.0,0.0
2022-08-03 14:30:00,250,28,driving,,,0.9952,0.9209,-5.201000213623047,0.0,0.0
2022-08-03 21:30:00,278,82,home,home,home_detached,0.9209,1.0,5.5370001792907715,11.0,2.2999000549316406
2022-08-04 18:00:00,360,1,driving,,,1.0,0.9977,-0.16099999845027924,0.0,0.0
2022-08-04 18:15:00,361,11,private,public,street,0.9977,0.9977,0.0,0.0,0.0
2022-08-04 21:00:00,372,1,driving,,,0.9977,0.9929,-0.335999995470047,0.0,0.0
2022-08-04 21:15:00,373,39,leisure,public,street,0.9929,0.9929,0.0,0.0,0.0
2022-08-05 07:00:00,412,1,driving,,,0.9929,0.9875,-0.3779999911785126,0.0,0.0
2022-08-05 07:15:00,413,28,work,work,work,0.9875,0.9875,0.0,0.0,0.0
2022-08-05 14:15:00,441,2,driving,,,0.9875,0.9808,-0.4690000116825104,0.0,0.0
2022-08-05 14:45:00,443,11,shopping,public,retail,0.9808,0.9808,0.0,0.0,0.0
2022-08-05 17:30:00,454,2,driving,,,0.9808,0.9656,-1.0640000104904175,0.0,0.0
2022-08-05 18:00:00,456,92,leisure,public,street,0.9656,0.9656,0.0,0.0,0.0
2022-08-06 17:00:00,548,1,driving,,,0.9656,0.9614,-0.2939999997615814,0.0,0.0
2022-08-06 17:15:00,549,63,home,home,home_detached,0.9614,1.0,2.7019999027252197,11.0,1.9078999757766724
2022-08-07 09:00:00,612,4,driving,,,1.0,0.972,-1.9600000381469727,0.0,0.0
2022-08-07 10:00:00,616,15,leisure,public,street,0.972,0.972,0.0,0.0,0.0
2022-08-07 13:45:00,631,2,driving,,,0.972,0.9638,-0.5740000009536743,0.0,0.0
2022-08-07 14:15:00,633,4,home,home,home_detached,0.9638,0.9927,2.0230000019073486,11.0,2.0223000049591064
2022-08-07 15:15:00,637,1,driving,,,0.9927,0.9874,-0.3709999918937683,0.0,0.0
2022-08-07 15:30:00,638,5,shopping,public,retail,0.9874,0.9874,0.0,0.0,0.0
2022-08-07 16:45:00,643,18,driving,,,0.9874,0.841,-10.248000144958496,0.0,0.0
2022-08-07 21:15:00,661,11,home,home,home_detached,0.841,0.9754,9.407999992370605,11.0,3.4219000339508057
