timestamp,event_start,event_time,location,use_case,charging_use_case,soc_start,soc_end,energy,station_charging_capacity,average_charging_power
2022-08-01 00:00:00,0,37,home,home,home_detached,0.9726,1.0,2.7408,11.0,0.2963027027027027
2022-08-01 09:15:00,37,2,driving,,,1.0,0.979,-2.0999999046325684,0.0,0.0
2022-08-01 09:45:00,39,32,work,work,work,0.979,0.979,0.0,0.0,0.0
2022-08-01 17:45:00,71,1,driving,,,0.979,0.9759,-0.3100000023841858,0.0,0.0
2022-08-01 18:00:00,72,15,private,public,street,0.9759,0.9759,0.0,0.0,0.0
2022-08-01 21:45:00,87,1,driving,,,0.9759,0.9741,-0.18000000715255737,0.0,0.0
2022-08-01 22:00:00,88,52,home,home,home_detached,0.9741,1.0,2.5899999141693115,11.0,1.7842999696731567
2022-08-02 11:00:00,140,2,driving,,,1.0,0.9846,-1.5399999618530273,0.0,0.0
2022-08-02 11:30:00,142,1,leisure,public,street,0.9846,0.9846,0.0,0.0,0.0
2022-08-02 11:45:00,143,2,driving,,,0.9846,0.9711,-1.350000023841858,0.0,0.0
2022-08-02 12:15:00,145,12,business,public,street,0.9711,0.9711,0.0,0.0,0.0
2022-08-02 15:15:00,157,1,driving,,,0.9711,0.9679,-0.3199999928474426,0.0,0.0
2022-08-02 15:30:00,158,4,private,public,street,0.9679,0.9679,0.0,0.0,0.0
2022-08-02 16:30:00,162,6,driving,,,0.9679,0.9402,-2.7699999809265137,0.0,0.0
2022-08-02 18:00:00,168,85,home,home,home_detached,0.9402,1.0,5.980000019073486,11.0,2.110300064086914
2022-08-03 15:15:00,253,1,driving,,,1.0,0.9976,-0.23999999463558197,0.0,0.0
2022-08-03 15:30:00,254,6,shopping,public,retail,0.9976,0.9976,0.0,0.0,0.0
2022-08-03 17:00:00,260,1,driving,,,0.9976,0.9907,-0.6899999976158142,0.0,0.0
2022-08-03 17:15:00,261,89,leisure,public,street,0.9907,0.9907,0.0,0.0,0.0
2022-08-04 15:30:00,350,1,driving,,,0.9907,0.989,-0.17000000178813934,0.0,0.0
2022-08-04 15:45:00,351,62,home,home,home_detached,0.989,1.0,1.100000023841858,11.0,1.572700023651123
2022-08-05 07:15:00,413,1,driving,,,1.0,0.9812,-1.8799999952316284,0.0,0.0
2022-08-05 07:30:00,414,36,work,work,work,0.9812,0.9812,0.0,0.0,0.0
2022-08-05 16:30:00,450,1,driving,,,0.9812,0.9761,-0.5099999904632568,0.0,0.0
2022-08-05 16:45:00,451,67,home,home,home_detached,0.9761,1.0,2.390000104904175,11.0,1.746000051498413
2022-08-06 09:30:00,518,1,driving,,,1.0,0.9991,-0.09000000357627869,0.0,0.0
2022-08-06 09:45:00,519,2,shopping,public,retail,0.9991,0.9991,0.0,0.0,0.0
2022-08-06 10:15:00,521,38,driving,,,0.9991,0.9128,-8.630000114440918,0.0,0.0
2022-08-06 19:45:00,559,12,home,home,home_detached,0.9128,0.9901,7.730000019073486,11.0,2.5790998935699463
2022-08-06 22:45:00,571,3,driving,,,0.9901,0.9832,-0.6899999976158142,0.0,0.0
2022-08-06 23:30:00,574,10,private,public,street,0.9832,0.9832,0.0,0.0,0.0
2022-08-07 02:00:00,584,1,driving,,,0.9832,0.9831,-0.009999999776482582,0.0,0.0
2022-08-07 02:15:00,585,38,leisure,public,street,0.9831,0.9831,0.0,0.0,0.0
2022-08-07 11:45:00,623,1,driving,,,0.9831,0.9696,-1.350000023841858,0.0,0.0
2022-08-07 12:00:00,624,48,home,home,home_detached,0.9696,1.0,3.0399999618530273,11.0,1.781000018119812
