timestamp,event_start,event_time,location,use_case,charging_use_case,soc_start,soc_end,energy,station_charging_capacity,average_charging_power
2022-08-01 00:00:00,0,26,private,public,street,0.9993,0.9993,0.0,0.0,0.0
2022-08-01 06:30:00,26,6,driving,,,0.9993,0.9741,-2.52,0.0,0.0
2022-08-01 08:00:00,32,11,work,work,work,0.9741,0.9741,0.0,0.0,0.0
2022-08-01 10:45:00,43,1,driving,,,0.9741,0.9715,-0.26,0.0,0.0
2022-08-01 11:00:00,44,10,private,public,street,0.9715,0.9715,0.0,0.0,0.0
2022-08-01 13:30:00,54,1,driving,,,0.9715,0.9689,-0.26,0.0,0.0
2022-08-01 13:45:00,55,68,home,home,home_detached,0.9689,1.0,3.11,11.0,1.8403
2022-08-02 06:45:00,123,1,driving,,,1.0,0.9956,-0.44,0.0,0.0
2022-08-02 07:00:00,124,30,work,work,work,0.9956,0.9956,0.0,0.0,0.0
2022-08-02 14:30:00,154,1,driving,,,0.9956,0.9905,-0.51,0.0,0.0
2022-08-02 14:45:00,155,3,home,home,home_detached,0.9905,1.0,0.95,11.0,1.5771
2022-08-02 15:30:00,158,2,driving,,,1.0,0.9903,-0.97,0.0,0.0
2022-08-02 16:00:00,160,58,leisure,public,street,0.9903,0.9903,0.0,0.0,0.0
2022-08-03 06:30:00,218,1,driving,,,0.9903,0.9837,-0.66,0.0,0.0
2022-08-03 06:45:00,219,13,work,work,work,0.9837,0.9837,0.0,0.0,0.0
2022-08-03 10:00:00,232,3,driving,,,0.9837,0.9664,-1.73,0.0,0.0
2022-08-03 10:45:00,235,5,shopping,public,retail,0.9664,0.9664,0.0,0.0,0.0
2022-08-03 12:00:00,240,2,driving,,,0.9664,0.95,-1.64,0.0,0.0
2022-08-03 12:30:00,242,75,leisure,public,street,0.95,0.95,0.0,0.0,0.0
2022-08-04 07:15:00,317,2,driving,,,0.95,0.9443,-0.57,0.0,0.0
2022-08-04 07:45:00,319,4,school,public,street,0.9443,0.9443,0.0,0.0,0.0
2022-08-04 08:45:00,323,1,driving,,,0.9443,0.9363,-0.8,0.0,0.0
2022-08-04 09:00:00,324,44,work,work,work,0.9363,0.9363,0.0,0.0,0.0
2022-08-04 20:00:00,368,2,driving,,,0.9363,0.9304,-0.59,0.0,0.0
2022-08-04 20:30:00,370,81,home,home,home_detached,0.9304,1.0,6.96,11.0,2.1157
2022-08-05 16:45:00,451,13,driving,,,1.0,0.9738,-2.62,0.0,0.0
2022-08-05 20:00:00,464,13,shopping,public,retail,0.9738,0.9738,0.0,0.0,0.0
2022-08-05 23:15:00,477,10,driving,,,0.9738,0.9067,-6.71,0.0,0.0
2022-08-06 01:45:00,487,40,leisure,public,street,0.9067,0.9067,0.0,0.0,0.0
2022-08-06 11:45:00,527,11,driving,,,0.9067,0.8674,-3.93,0.0,0.0
2022-08-06 14:30:00,538,2,private,public,street,0.8674,0.8674,0.0,0.0,0.0
2022-08-06 15:00:00,540,2,driving,,,0.8674,0.859,-0.84,0.0,0.0
2022-08-06 15:30:00,542,64,home,home,home_detached,0.859,1.0,14.1,11.0,2.8491
2022-08-07 07:30:00,606,1,driving,,,1.0,0.998,-0.2,0.0,0.0
2022-08-07 07:45:00,607,24,leisure,public,street,0.998,0.998,0.0,0.0,0.0
2022-08-07 13:45:00,631,1,driving,,,0.998,0.9979,-0.01,0.0,0.0
2022-08-07 14:00:00,632,4,private,public,street,0.9979,0.9979,0.0,0.0,0.0
2022-08-07 15:00:00,636,1,driving,,,0.9979,0.9878,-1.01,0.0,0.0
2022-08-07 15:15:00,637,13,home,home,home_detached,0.9878,1.0,1.22,11.0,1.6332
2022-08-07 18:30:00,650,1,driving,,,1.0,0.996,-0.4,0.0,0.0
2022-08-07 18:45:00,651,3,leisure,public,street,0.996,0.996,0.0,0.0,0.0
2022-08-07 19:30:00,654,3,driving,,,0.996,0.9658,-3.02,0.0,0.0
2022-08-07 20:15:00,657,15,home,home,home_detached,0.9658,1.0,3.42,11.0,1.8541
