timestamp,event_start,event_time,location,use_case,charging_use_case,soc_start,soc_end,energy,station_charging_capacity,average_charging_power
2022-08-01 00:00:00,0,22,private,public,street,0.9551,0.9551,0.0,0.0,0.0
2022-08-01 05:30:00,22,3,driving,,,0.9551,0.9188,-3.63,0.0,0.0
2022-08-01 06:15:00,25,11,leisure,public,street,0.9188,0.9188,0.0,0.0,0.0
2022-08-01 09:00:00,36,1,driving,,,0.9188,0.9107,-0.81,0.0,0.0
2022-08-01 09:15:00,37,21,business,public,street,0.9107,0.9107,0.0,0.0,0.0
2022-08-01 14:30:00,58,9,driving,,,0.9107,0.8849,-2.58,0.0,0.0
2022-08-01 16:45:00,67,9,leisure,public,street,0.8849,0.8849,0.0,0.0,0.0
2022-08-01 19:00:00,76,6,driving,,,0.8849,0.7306,-15.43,0.0,0.0
2022-08-01 20:30:00,82,64,home,home,home_detached,0.7306,1.0,26.94,11.0,3.7395
2022-08-02 12:30:00,146,1,driving,,,1.0,0.993,-0.7,0.0,0.0
2022-08-02 12:45:00,147,30,work,work,work,0.993,0.993,0.0,0.0,0.0
2022-08-02 20:15:00,177,1,driving,,,0.993,0.9917,-0.13,0.0,0.0
2022-08-02 20:30:00,178,50,private,public,street,0.9917,0.9917,0.0,0.0,0.0
2022-08-03 09:00:00,228,4,driving,,,0.9917,0.9775,-1.42,0.0,0.0
2022-08-03 10:00:00,232,10,shopping,public,retail,0.9775,0.9775,0.0,0.0,0.0
2022-08-03 12:30:00,242,1,driving,,,0.9775,0.9704,-0.71,0.0,0.0
2022-08-03 12:45:00,243,12,home,home,home_detached,0.9704,1.0,2.96,11.0,1.8134
2022-08-03 15:45:00,255,1,driving,,,1.0,0.9999,-0.01,0.0,0.0
2022-08-03 16:00:00,256,5,leisure,public,street,0.9999,0.9999,0.0,0.0,0.0
2022-08-03 17:15:00,261,3,driving,,,0.9999,0.9844,-1.55,0.0,0.0
2022-08-03 18:00:00,264,74,home,home,home_detached,0.9844,1.0,1.56,11.0,1.6239
2022-08-04 12:30:00,338,1,driving,,,1.0,0.9873,-1.27,0.0,0.0
2022-08-04 12:45:00,339,5,private,public,street,0.9873,0.9873,0.0,0.0,0.0
2022-08-04 14:00:00,344,3,driving,,,0.9873,0.9516,-3.57,0.0,0.0
2022-08-04 14:45:00,347,95,work,work,work,0.9516,0.9516,0.0,0.0,0.0
2022-08-05 14:30:00,442,2,driving,,,0.9516,0.8872,-6.44,0.0,0.0
2022-08-05 15:00:00,444,10,private,public,street,0.8872,0.8872,0.0,0.0,0.0
2022-08-05 17:30:00,454,1,driving,,,0.8872,0.8828,-0.44,0.0,0.0
2022-08-05 17:45:00,455,1,shopping,public,retail,0.8828,0.8828,0.0,0.0,0.0
2022-08-05 18:00:00,456,2,driving,,,0.8828,0.8379,-4.49,0.0,0.0
2022-08-05 18:30:00,458,54,home,home,home_detached,0.8379,1.0,16.21,11.0,2.995
2022-08-06 08:00:00,512,1,driving,,,1.0,0.9651,-3.49,0.0,0.0
2022-08-06 08:15:00,513,5,leisure,public,street,0.9651,0.9651,0.0,0.0,0.0
2022-08-06 09:30:00,518,1,driving,,,0.9651,0.9616,-0.35,0.0,0.0
2022-08-06 09:45:00,519,5,private,public,street,0.9616,0.9616,0.0,0.0,0.0
2022-08-06 11:00:00,524,2,driving,,,0.9616,0.9545,-0.71,0.0,0.0
2022-08-06 11:30:00,526,6,home,home,home_detached,0.9545,0.9875,3.3,11.0,2.1987
2022-08-06 13:00:00,532,1,driving,,,0.9875,0.9829,-0.46,0.0,0.0
2022-08-06 13:15:00,533,77,leisure,public,street,0.9829,0.9829,0.0,0.0,0.0
2022-08-07 08:30:00,610,1,driving,,,0.9829,0.9744,-0.85,0.0,0.0
2022-08-07 08:45:00,611,61,home,home,home_detached,0.9744,1.0,2.56,11.0,1.7799
