timestamp,event_start,event_time,location,use_case,charging_use_case,soc_start,soc_end,energy,station_charging_capacity,average_charging_power
2022-08-01 00:00:00,0,36,home,home,home_detached,1.0,1.0,0.0,11.0,0.0
2022-08-01 09:00:00,36,3,driving,,,1.0,0.9459,-5.41,0.0,0.0
2022-08-01 09:45:00,39,1,private,public,street,0.9459,0.9459,0.0,0.0,0.0
2022-08-01 10:00:00,40,20,driving,,,0.9459,0.664,-28.19,0.0,0.0
2022-08-01 15:00:00,60,8,home,home,home_detached,0.664,0.796,13.2,11.0,6.6027
2022-08-01 17:00:00,68,1,driving,,,0.796,0.7959,-0.01,0.0,0.0
2022-08-01 17:15:00,69,3,private,public,street,0.7959,0.7959,0.0,0.0,0.0
2022-08-01 18:00:00,72,1,driving,,,0.7959,0.7875,-0.84,0.0,0.0
2022-08-01 18:15:00,73,44,shopping,public,retail,0.7875,0.7875,0.0,0.0,0.0
2022-08-02 05:15:00,117,1,driving,,,0.7875,0.7832,-0.43,0.0,0.0
2022-08-02 05:30:00,118,16,work,work,work,0.7832,0.7832,0.0,0.0,0.0
2022-08-02 09:30:00,134,3,driving,,,0.7832,0.6583,-12.49,0.0,0.0
2022-08-02 10:15:00,137,10,business,public,street,0.6583,0.6583,0.0,0.0,0.0
2022-08-02 12:45:00,147,1,driving,,,0.6583,0.6572,-0.11,0.0,0.0
2022-08-02 13:00:00,148,2,shopping,public,retail,0.6572,0.6572,0.0,0.0,0.0
2022-08-02 13:30:00,150,1,driving,,,0.6572,0.656,-0.12,0.0,0.0
2022-08-02 13:45:00,151,1,private,public,street,0.656,0.656,0.0,0.0,0.0
2022-08-02 14:00:00,152,2,driving,,,0.656,0.6432,-1.28,0.0,0.0
2022-08-02 14:30:00,154,2,business,public,street,0.6432,0.6432,0.0,0.0,0.0
2022-08-02 15:00:00,156,1,driving,,,0.6432,0.642,-0.12,0.0,0.0
2022-08-02 15:15:00,157,1,private,public,street,0.642,0.642,0.0,0.0,0.0
2022-08-02 15:30:00,158,14,driving,,,0.642,0.3499,-29.21,0.0,0.0
2022-08-02 19:00:00,172,1,hpc,hpc,highway_fast,0.3499,0.583,23.31,350.0,120.8012
2022-08-02 19:15:00,173,13,driving,,,0.583,0.3278,-25.52,0.0,0.0
2022-08-02 22:30:00,186,1,hpc,public,highway_fast,0.3278,0.3278,0.0,0.0,0.0
2022-08-02 22:45:00,187,5,driving,,,0.3278,0.2327,-9.51,0.0,0.0
2022-08-03 00:00:00,192,1,hpc,hpc,highway_fast,0.2327,0.5316,29.89,350.0,129.8112
2022-08-03 00:15:00,193,12,driving,,,0.5316,0.2837,-24.79,0.0,0.0
2022-08-03 03:15:00,205,1,hpc,public,highway_fast,0.2837,0.2837,0.0,0.0,0.0
2022-08-03 03:30:00,206,4,driving,,,0.2837,0.2067,-7.7,0.0,0.0
2022-08-03 04:30:00,210,1,hpc,hpc,highway_fast,0.2067,0.5288,32.21,350.0,131.2884
2022-08-03 04:45:00,211,8,driving,,,0.5288,0.314,-21.48,0.0,0.0
2022-08-03 06:45:00,219,30,home,home,home_detached,0.314,0.8732,55.92,11.0,7.4563
2022-08-03 14:15:00,249,1,driving,,,0.8732,0.868,-0.52,0.0,0.0
2022-08-03 14:30:00,250,3,shopping,public,retail,0.868,0.868,0.0,0.0,0.0
2022-08-03 15:15:00,253,9,driving,,,0.868,0.8241,-4.39,0.0,0.0
2022-08-03 17:30:00,262,14,leisure,public,street,0.8241,0.8241,0.0,0.0,0.0
2022-08-03 21:00:00,276,5,driving,,,0.8241,0.8058,-1.83,0.0,0.0
2022-08-03 22:15:00,281,63,home,home,home_detached,0.8058,1.0,19.42,11.0,3.2527
2022-08-04 14:00:00,344,1,driving,,,1.0,0.9998,-0.02,0.0,0.0
2022-08-04 14:15:00,345,2,work,work,work,0.9998,0.9998,0.0,0.0,0.0
2022-08-04 14:45:00,347,3,driving,,,0.9998,0.9731,-2.67,0.0,0.0
2022-08-04 15:30:00,350,5,home,home,home_detached,0.9731,0.9963,2.32,11.0,1.8612
2022-08-04 16:45:00,355,1,driving,,,0.9963,0.9893,-0.7,0.0,0.0
2022-08-04 17:00:00,356,1,private,public,street,0.9893,0.9893,0.0,0.0,0.0
2022-08-04 17:15:00,357,1,driving,,,0.9893,0.9879,-0.14,0.0,0.0
2022-08-04 17:30:00,358,93,home,home,home_detached,0.9879,1.0,1.21,11.0,1.6317
2022-08-05 16:45:00,451,2,driving,,,1.0,0.9804,-1.96,0.0,0.0
2022-08-05 17:15:00,453,1,private,public,street,0.9804,0.9804,0.0,0.0,0.0
2022-08-05 17:30:00,454,3,driving,,,0.9804,0.9637,-1.67,0.0,0.0
2022-08-05 18:15:00,457,11,leisure,public,street,0.9637,0.9637,0.0,0.0,0.0
2022-08-05 21:00:00,468,1,driving,,,0.9637,0.9594,-0.43,0.0,0.0
2022-08-05 21:15:00,469,134,home,home,home_detached,0.9594,1.0,4.06,11.0,1.9257
2022-08-07 06:45:00,603,1,driving,,,1.0,0.9807,-1.93,0.0,0.0
2022-08-07 07:00:00,604,20,work,work,work,0.9807,0.9807,0.0,0.0,0.0
2022-08-07 12:00:00,624,4,driving,,,0.9807,0.9091,-7.16,0.0,0.0
2022-08-07 13:00:00,628,44,home,home,home_detached,0.9091,1.0,9.09,11.0,2.4402
