timestamp,event_start,event_time,location,use_case,charging_use_case,soc_start,soc_end,energy,station_charging_capacity,average_charging_power
2022-08-01 00:00:00,0,46,home,home,home_detached,1.0,1.0,0.0,11.0,0.0
2022-08-01 11:30:00,46,4,driving,,,1.0,0.9674,-2.282,0.0,0.0
2022-08-01 12:30:00,50,6,business,public,street,0.9674,0.9674,0.0,0.0,0.0
2022-08-01 14:00:00,56,3,driving,,,0.9674,0.9298,-2.632,0.0,0.0
2022-08-01 14:45:00,59,23,shopping,public,retail,0.9298,0.9298,0.0,0.0,0.0
2022-08-01 20:30:00,82,2,driving,,,0.9298,0.8989,-2.163,0.0,0.0
2022-08-01 21:00:00,84,33,home,home,home_detached,0.8989,1.0,7.077,11.0,2.4736
2022-08-02 05:15:00,117,2,driving,,,1.0,0.9565,-3.045,0.0,0.0
2022-08-02 05:45:00,119,33,work,work,work,0.9565,0.9565,0.0,0.0,0.0
2022-08-02 14:00:00,152,1,driving,,,0.9565,0.9512,-0.371,0.0,0.0
2022-08-02 14:15:00,153,2,shopping,public,retail,0.9512,0.9512,0.0,0.0,0.0
2022-08-02 14:45:00,155,9,driving,,,0.9512,0.8126,-9.702,0.0,0.0
2022-08-02 17:00:00,164,4,home,home,home_detached,0.8126,0.8816,4.83,11.0,4.8255
2022-08-02 18:00:00,168,1,driving,,,0.8816,0.876,-0.392,0.0,0.0
2022-08-02 18:15:00,169,67,leisure,public,street,0.876,0.876,0.0,0.0,0.0
2022-08-03 11:00:00,236,1,driving,,,0.876,0.8588,-1.204,0.0,0.0
2022-08-03 11:15:00,237,8,home,home,home_detached,0.8588,0.9594,7.042,11.0,3.5226
2022-08-03 13:15:00,245,1,driving,,,0.9594,0.9581,-0.091,0.0,0.0
2022-08-03 13:30:00,246,2,shopping,public,retail,0.9581,0.9581,0.0,0.0,0.0
2022-08-03 14:00:00,248,1,driving,,,0.9581,0.9375,-1.442,0.0,0.0
2022-08-03 14:15:00,249,92,home,home,home_detached,0.9375,1.0,4.375,11.0,2.1145
2022-08-04 13:15:00,341,1,driving,,,1.0,0.9866,-0.938,0.0,0.0
2022-08-04 13:30:00,342,4,shopping,public,retail,0.9866,0.9866,0.0,0.0,0.0
2022-08-04 14:30:00,346,16,driving,,,0.9866,0.7374,-17.444,0.0,0.0
2022-08-04 18:30:00,362,1,business,public,street,0.7374,0.7374,0.0,0.0,0.0
2022-08-04 18:45:00,363,1,driving,,,0.7374,0.7281,-0.651,0.0,0.0
2022-08-04 19:00:00,364,7,leisure,public,street,0.7281,0.7281,0.0,0.0,0.0
2022-08-04 20:45:00,371,1,driving,,,0.7281,0.7178,-0.721,0.0,0.0
2022-08-04 21:00:00,372,35,home,home,home_detached,0.7178,1.0,19.754,11.0,3.8015
2022-08-05 05:45:00,407,2,driving,,,1.0,0.9532,-3.276,0.0,0.0
2022-08-05 06:15:00,409,29,work,work,work,0.9532,0.9532,0.0,0.0,0.0
2022-08-05 13:30:00,438,4,driving,,,0.9532,0.8317,-8.505,0.0,0.0
2022-08-05 14:30:00,442,74,home,home,home_detached,0.8317,1.0,11.781,11.0,3.019
2022-08-06 09:00:00,516,2,driving,,,1.0,0.9897,-0.721,0.0,0.0
2022-08-06 09:30:00,518,5,shopping,public,retail,0.9897,0.9897,0.0,0.0,0.0
2022-08-06 10:45:00,523,10,driving,,,0.9897,0.6445,-24.164,0.0,0.0
2022-08-06 13:15:00,533,1,leisure,public,street,0.6445,0.6445,0.0,0.0,0.0
2022-08-06 13:30:00,534,2,driving,,,0.6445,0.6102,-2.401,0.0,0.0
2022-08-06 14:00:00,536,5,home,home,home_detached,0.6102,0.7399,9.079,11.0,7.2636
2022-08-06 15:15:00,541,2,driving,,,0.7399,0.6863,-3.752,0.0,0.0
2022-08-06 15:45:00,543,9,leisure,public,street,0.6863,0.6863,0.0,0.0,0.0
2022-08-06 18:00:00,552,1,driving,,,0.6863,0.6452,-2.877,0.0,0.0
2022-08-06 18:15:00,553,5,home,home,home_detached,0.6452,0.7683,8.617,11.0,6.8916
2022-08-06 19:30:00,558,6,driving,,,0.7683,0.7135,-3.836,0.0,0.0
2022-08-06 21:00:00,564,8,private,public,street,0.7135,0.7135,0.0,0.0,0.0
2022-08-06 23:00:00,572,1,driving,,,0.7135,0.6963,-1.204,0.0,0.0
2022-08-06 23:15:00,573,57,home,home,home_detached,0.6963,1.0,21.259,11.0,3.9156
2022-08-07 13:30:00,630,1,driving,,,1.0,0.9907,-0.651,0.0,0.0
2022-08-07 13:45:00,631,10,leisure,public,street,0.9907,0.9907,0.0,0.0,0.0
2022-08-07 16:15:00,641,1,driving,,,0.9907,0.9838,-0.483,0.0,0.0
2022-08-07 16:30:00,642,30,home,home,home_detached,0.9838,1.0,1.134,11.0,1.6645
