timestamp,event_start,event_time,location,use_case,charging_use_case,soc_start,soc_end,energy,station_charging_capacity,average_charging_power
2022-08-01 00:00:00,0,24,home,home,home_detached,1.0,1.0,0.0,11.0,0.0
2022-08-01 06:00:00,24,2,driving,,,1.0,0.9848,-1.52,0.0,0.0
2022-08-01 06:30:00,26,23,work,work,work,0.9848,0.9848,0.0,0.0,0.0
2022-08-01 12:15:00,49,4,driving,,,0.9848,0.9606,-2.42,0.0,0.0
2022-08-01 13:15:00,53,7,shopping,public,retail,0.9606,0.9606,0.0,0.0,0.0
2022-08-01 15:00:00,60,1,driving,,,0.9606,0.9559,-0.47,0.0,0.0
2022-08-01 15:15:00,61,60,private,public,street,0.9559,0.9559,0.0,0.0,0.0
2022-08-02 06:15:00,121,4,driving,,,0.9559,0.8807,-7.52,0.0,0.0
2022-08-02 07:15:00,125,35,work,work,work,0.8807,0.8807,0.0,0.0,0.0
2022-08-02 16:00:00,160,1,driving,,,0.8807,0.8722,-0.85,0.0,0.0
2022-08-02 16:15:00,161,74,home,home,home_detached,0.8722,1.0,12.78,11.0,2.5584
2022-08-03 10:45:00,235,1,driving,,,1.0,0.9873,-1.27,0.0,0.0
2022-08-03 11:00:00,236,6,private,public,street,0.9873,0.9873,0.0,0.0,0.0
2022-08-03 12:30:00,242,1,driving,,,0.9873,0.9871,-0.02,0.0,0.0
2022-08-03 12:45:00,243,9,shopping,public,retail,0.9871,0.9871,0.0,0.0,0.0
2022-08-03 15:00:00,252,1,driving,,,0.9871,0.9628,-2.43,0.0,0.0
2022-08-03 15:15:00,253,13,leisure,public,street,0.9628,0.9628,0.0,0.0,0.0
2022-08-03 18:30:00,266,1,driving,,,0.9628,0.9613,-0.15,0.0,0.0
2022-08-03 18:45:00,267,75,home,home,home_detached,0.9613,1.0,3.87,11.0,1.9379
2022-08-04 13:30:00,342,8,driving,,,1.0,0.981,-1.9,0.0,0.0
2022-08-04 15:30:00,350,2,business,public,street,0.981,0.981,0.0,0.0,0.0
2022-08-04 16:00:00,352,1,driving,,,0.981,0.9725,-0.85,0.0,0.0
2022-08-04 16:15:00,353,71,home,home,home_detached,0.9725,1.0,2.75,11.0,1.7738
2022-08-05 10:00:00,424,1,driving,,,1.0,0.9712,-2.88,0.0,0.0
2022-08-05 10:15:00,425,8,leisure,public,street,0.9712,0.9712,0.0,0.0,0.0
2022-08-05 12:15:00,433,1,driving,,,0.9712,0.9631,-0.81,0.0,0.0
2022-08-05 12:30:00,434,45,business,public,street,0.9631,0.9631,0.0,0.0,0.0
2022-08-05 23:45:00,479,5,driving,,,0.9631,0.8607,-10.24,0.0,0.0
2022-08-06 01:00:00,484,72,home,home,home_detached,0.8607,1.0,13.93,11.0,2.5982
2022-08-06 19:00:00,556,3,driving,,,1.0,0.9746,-2.54,0.0,0.0
2022-08-06 19:45:00,559,10,private,public,street,0.9746,0.9746,0.0,0.0,0.0
2022-08-06 22:15:00,569,2,driving,,,0.9746,0.9521,-2.25,0.0,0.0
2022-08-06 22:45:00,571,43,home,home,home_detached,0.9521,1.0,4.79,11.0,2.0067
2022-08-07 09:30:00,614,1,driving,,,1.0,0.993,-0.7,0.0,0.0
2022-08-07 09:45:00,615,15,private,public,street,0.993,0.993,0.0,0.0,0.0
2022-08-07 13:30:00,630,6,driving,,,0.993,0.865,-12.8,0.0,0.0
2022-08-07 15:00:00,636,18,business,public,street,0.865,0.865,0.0,0.0,0.0
2022-08-07 19:30:00,654,3,driving,,,0.865,0.8018,-6.32,0.0,0.0
2022-08-07 20:15:00,657,15,home,home,home_detached,0.8018,0.9537,15.19,11.0,4.0504
