timestamp,event_start,event_time,location,use_case,charging_use_case,soc_start,soc_end,energy,station_charging_capacity,average_charging_power
2022-08-01 00:00:00,0,25,home,home,home_detached,0.993,1.0,0.487,11.0,0.07792
2022-08-01 06:15:00,25,1,driving,,,1.0,0.9798,-1.4140000343322754,0.0,0.0
2022-08-01 06:30:00,26,34,work,work,work,0.9798,0.9798,0.0,0.0,0.0
2022-08-01 15:00:00,60,1,driving,,,0.9798,0.9668,-0.9100000262260437,0.0,0.0
2022-08-01 15:15:00,61,7,leisure,public,street,0.9668,0.9668,0.0,0.0,0.0
2022-08-01 17:00:00,68,1,driving,,,0.9668,0.9496,-1.2039999961853027,0.0,0.0
2022-08-01 17:15:00,69,55,home,home,home_detached,0.9496,1.0,3.5280001163482666,11.0,2.050100088119507
2022-08-02 07:00:00,124,1,driving,,,1.0,0.9865,-0.9449999928474426,0.0,0.0
2022-08-02 07:15:00,125,41,work,work,work,0.9865,0.9865,0.0,0.0,0.0
2022-08-02 17:30:00,166,1,driving,,,0.9865,0.9835,-0.20999999344348907,0.0,0.0
2022-08-02 17:45:00,167,1,private,public,street,0.9835,0.9835,0.0,0.0,0.0
2022-08-02 18:00:00,168,1,driving,,,0.9835,0.9715,-0.8399999737739563,0.0,0.0
2022-08-02 18:15:00,169,50,home,home,home_detached,0.9715,1.0,1.9950000047683716,11.0,1.787600040435791
2022-08-03 06:45:00,219,2,driving,,,1.0,0.9781,-1.5329999923706055,0.0,0.0
2022-08-03 07:15:00,221,25,work,work,work,0.9781,0.9781,0.0,0.0,0.0
2022-08-03 13:30:00,246,1,driving,,,0.9781,0.9698,-0.5809999704360962,0.0,0.0
2022-08-03 13:45:00,247,8,shopping,public,retail,0.9698,0.9698,0.0,0.0,0.0
2022-08-03 15:45:00,255,2,driving,,,0.9698,0.9372,-2.2820000648498535,0.0,0.0
2022-08-03 16:15:00,257,5,home,home,home_detached,0.9372,0.9814,3.0940001010894775,11.0,2.4730000495910645
2022-08-03 17:30:00,262,1,driving,,,0.9814,0.9481,-2.3310000896453857,0.0,0.0
2022-08-03 17:45:00,263,15,leisure,public,street,0.9481,0.9481,0.0,0.0,0.0
2022-08-03 21:30:00,278,4,driving,,,0.9481,0.8745,-5.1519999504089355,0.0,0.0
2022-08-03 22:30:00,282,27,home,home,home_detached,0.8745,1.0,8.78499984741211,11.0,2.7286999225616455
2022-08-04 05:15:00,309,6,driving,,,1.0,0.8684,-9.211999893188477,0.0,0.0
2022-08-04 06:45:00,315,37,work,work,work,0.8684,0.8684,0.0,0.0,0.0
2022-08-04 16:00:00,352,1,driving,,,0.8684,0.8571,-0.7910000085830688,0.0,0.0
2022-08-04 16:15:00,353,1,private,public,street,0.8571,0.8571,0.0,0.0,0.0
2022-08-04 16:30:00,354,2,driving,,,0.8571,0.8262,-2.1630001068115234,0.0,0.0
2022-08-04 17:00:00,356,80,home,home,home_detached,0.8262,1.0,12.166000366210938,11.0,3.0840001106262207
2022-08-05 13:00:00,436,2,driving,,,1.0,0.9503,-3.4790000915527344,0.0,0.0
2022-08-05 13:30:00,438,16,business,public,street,0.9503,0.9503,0.0,0.0,0.0
2022-08-05 17:30:00,454,3,driving,,,0.9503,0.9245,-1.805999994277954,0.0,0.0
2022-08-05 18:15:00,457,8,home,home,home_detached,0.9245,0.9935,4.829999923706055,11.0,2.4137001037597656
2022-08-05 20:15:00,465,1,driving,,,0.9935,0.9905,-0.20999999344348907,0.0,0.0
2022-08-05 20:30:00,466,2,private,public,street,0.9905,0.9905,0.0,0.0,0.0
2022-08-05 21:00:00,468,25,driving,,,0.9905,0.8539,-9.562000274658203,0.0,0.0
2022-08-06 03:15:00,493,15,leisure,public,street,0.8539,0.8539,0.0,0.0,0.0
2022-08-06 07:00:00,508,1,driving,,,0.8539,0.8445,-0.6579999923706055,0.0,0.0
2022-08-06 07:15:00,509,4,school,public,street,0.8445,0.8445,0.0,0.0,0.0
2022-08-06 08:15:00,513,1,driving,,,0.8445,0.8332,-0.7910000085830688,0.0,0.0
2022-08-06 08:30:00,514,3,shopping,public,retail,0.8332,0.8332,0.0,0.0,0.0
2022-08-06 09:15:00,517,1,driving,,,0.8332,0.829,-0.2939999997615814,0.0,0.0
2022-08-06 09:30:00,518,3,business,public,street,0.829,0.829,0.0,0.0,0.0
2022-08-06 10:15:00,521,1,driving,,,0.829,0.8247,-0.3009999990463257,0.0,0.0
2022-08-06 10:30:00,522,2,private,public,street,0.8247,0.8247,0.0,0.0,0.0
2022-08-06 11:00:00,524,1,driving,,,0.8247,0.7901,-2.421999931335449,0.0,0.0
2022-08-06 11:15:00,525,11,shopping,public,retail,0.7901,0.7901,0.0,0.0,0.0
2022-08-06 14:00:00,536,15,driving,,,0.7901,0.2758,-36.000999450683594,0.0,0.0
2022-08-06 17:45:00,551,11,hpc,public,highway_fast,0.2758,0.2758,0.0,0.0,0.0
2022-08-06 20:30:00,562,2,driving,,,0.2758,0.2141,-4.318999767303467,0.0,0.0
2022-08-06 21:00:00,564,11,hpc,public,highway_fast,0.2141,0.2141,0.0,0.0,0.0
2022-08-06 23:45:00,575,1,driving,,,0.2141,0.2041,-0.699999988079071,0.0,0.0
2022-08-07 00:00:00,576,11,hpc,public,highway_fast,0.2041,0.2041,0.0,0.0,0.0
2022-08-07 02:45:00,587,1,driving,,,0.2041,0.2007,-0.23800000548362732,0.0,0.0
2022-08-07 03:00:00,588,1,hpc,hpc,highway_fast,0.2007,0.5905,27.285999298095703,350.0,126.4352035522461
2022-08-07 03:15:00,589,8,driving,,,0.5905,0.3428,-17.339000701904297,0.0,0.0
2022-08-07 05:15:00,597,11,hpc,public,highway_fast,0.3428,0.3428,0.0,0.0,0.0
2022-08-07 08:00:00,608,4,driving,,,0.3428,0.2037,-9.737000465393066,0.0,0.0
2022-08-07 09:00:00,612,1,hpc,hpc,highway_fast,0.2037,0.5145,21.756000518798828,350.0,128.58920288085938
2022-08-07 09:15:00,613,1,driving,,,0.5145,0.4666,-3.3529999256134033,0.0,0.0
2022-08-07 09:30:00,614,58,leisure,public,street,0.4666,0.4666,0.0,0.0,0.0
