timestamp,event_start,event_time,location,use_case,charging_use_case,soc_start,soc_end,energy,station_charging_capacity,average_charging_power
2022-08-01 00:00:00,0,25,leisure,public,street,0.8273,0.8273,0.0,0.0,0.0
2022-08-01 06:15:00,25,1,driving,,,0.8273,0.8121,-1.52,0.0,0.0
2022-08-01 06:30:00,26,26,work,work,work,0.8121,0.8121,0.0,0.0,0.0
2022-08-01 13:00:00,52,3,driving,,,0.8121,0.756,-5.61,0.0,0.0
2022-08-01 13:45:00,55,9,leisure,public,street,0.756,0.756,0.0,0.0,0.0
2022-08-01 16:00:00,64,3,driving,,,0.756,0.7433,-1.27,0.0,0.0
2022-08-01 16:45:00,67,9,private,public,street,0.7433,0.7433,0.0,0.0,0.0
2022-08-01 19:00:00,76,4,driving,,,0.7433,0.6812,-6.21,0.0,0.0
2022-08-01 20:00:00,80,41,leisure,public,street,0.6812,0.6812,0.0,0.0,0.0
2022-08-02 06:15:00,121,3,driving,,,0.6812,0.6559,-2.53,0.0,0.0
2022-08-02 07:00:00,124,40,home,home,home_detached,0.6559,1.0,34.41,11.0,4.1858
2022-08-02 17:00:00,164,1,driving,,,1.0,0.9998,-0.02,0.0,0.0
2022-08-02 17:15:00,165,3,shopping,public,retail,0.9998,0.9998,0.0,0.0,0.0
2022-08-02 18:00:00,168,2,driving,,,0.9998,0.9928,-0.7,0.0,0.0
2022-08-02 18:30:00,170,2,private,public,street,0.9928,0.9928,0.0,0.0,0.0
2022-08-02 19:00:00,172,1,driving,,,0.9928,0.9787,-1.41,0.0,0.0
2022-08-02 19:15:00,173,76,home,home,home_detached,0.9787,1.0,2.13,11.0,1.7378
2022-08-03 14:15:00,249,1,driving,,,1.0,0.9982,-0.18,0.0,0.0
2022-08-03 14:30:00,250,5,business,public,street,0.9982,0.9982,0.0,0.0,0.0
2022-08-03 15:45:00,255,7,driving,,,0.9982,0.9378,-6.04,0.0,0.0
2022-08-03 17:30:00,262,50,home,home,home_detached,0.9378,1.0,6.22,11.0,2.1501
2022-08-04 06:00:00,312,1,driving,,,1.0,0.9575,-4.25,0.0,0.0
2022-08-04 06:15:00,313,25,work,work,work,0.9575,0.9575,0.0,0.0,0.0
2022-08-04 12:30:00,338,1,driving,,,0.9575,0.9482,-0.93,0.0,0.0
2022-08-04 12:45:00,339,3,shopping,public,retail,0.9482,0.9482,0.0,0.0,0.0
2022-08-04 13:30:00,342,1,driving,,,0.9482,0.9313,-1.69,0.0,0.0
2022-08-04 13:45:00,343,17,home,home,home_detached,0.9313,1.0,6.87,11.0,2.204
2022-08-04 18:00:00,360,3,driving,,,1.0,0.9562,-4.38,0.0,0.0
2022-08-04 18:45:00,363,8,private,public,street,0.9562,0.9562,0.0,0.0,0.0
2022-08-04 20:45:00,371,4,driving,,,0.9562,0.8846,-7.16,0.0,0.0
2022-08-04 21:45:00,375,35,home,home,home_detached,0.8846,1.0,11.54,11.0,2.6233
2022-08-05 06:30:00,410,2,driving,,,1.0,0.9793,-2.07,0.0,0.0
2022-08-05 07:00:00,412,43,work,work,work,0.9793,0.9793,0.0,0.0,0.0
2022-08-05 17:45:00,455,1,driving,,,0.9793,0.9779,-0.14,0.0,0.0
2022-08-05 18:00:00,456,56,home,home,home_detached,0.9779,1.0,2.21,11.0,1.7138
2022-08-06 08:00:00,512,1,driving,,,1.0,0.9874,-1.26,0.0,0.0
2022-08-06 08:15:00,513,14,shopping,public,retail,0.9874,0.9874,0.0,0.0,0.0
2022-08-06 11:45:00,527,4,driving,,,0.9874,0.9525,-3.49,0.0,0.0
2022-08-06 12:45:00,531,87,leisure,public,street,0.9525,0.9525,0.0,0.0,0.0
2022-08-07 10:30:00,618,2,driving,,,0.9525,0.93,-2.25,0.0,0.0
2022-08-07 11:00:00,620,1,home,home,home_detached,0.93,0.9378,0.78,11.0,3.106
2022-08-07 11:15:00,621,3,driving,,,0.9378,0.8994,-3.84,0.0,0.0
2022-08-07 12:00:00,624,18,work,work,work,0.8994,0.8994,0.0,0.0,0.0
2022-08-07 16:30:00,642,1,driving,,,0.8994,0.8797,-1.97,0.0,0.0
2022-08-07 16:45:00,643,29,home,home,home_detached,0.8797,1.0,12.03,11.0,2.4689
