timestamp,event_start,event_time,location,use_case,charging_use_case,soc_start,soc_end,energy,station_charging_capacity,average_charging_power
2022-08-01 00:00:00,0,61,home,home,home_detached,0.7346,1.0,18.5756,11.0,1.218072131147541
2022-08-01 15:15:00,61,2,driving,,,1.0,0.9792,-1.4559999704360962,0.0,0.0
2022-08-01 15:45:00,63,22,school,public,street,0.9792,0.9792,0.0,0.0,0.0
2022-08-01 21:15:00,85,6,driving,,,0.9792,0.8389,-9.821000099182129,0.0,0.0
2022-08-01 22:45:00,91,31,home,home,home_detached,0.8389,1.0,11.277000427246094,11.0,3.0169999599456787
2022-08-02 06:30:00,122,4,driving,,,1.0,0.9366,-4.438000202178955,0.0,0.0
2022-08-02 07:30:00,126,47,work,work,work,0.9366,0.9366,0.0,0.0,0.0
2022-08-02 19:15:00,173,16,driving,,,0.9366,0.6851,-17.604999542236328,0.0,0.0
2022-08-02 23:15:00,189,55,home,home,home_detached,0.6851,1.0,22.042999267578125,11.0,4.021100044250488
2022-08-03 13:00:00,244,1,driving,,,1.0,0.9971,-0.2029999941587448,0.0,0.0
2022-08-03 13:15:00,245,11,private,public,street,0.9971,0.9971,0.0,0.0,0.0
2022-08-03 16:00:00,256,1,driving,,,0.9971,0.9847,-0.8679999709129333,0.0,0.0
2022-08-03 16:15:00,257,3,shopping,public,retail,0.9847,0.9847,0.0,0.0,0.0
2022-08-03 17:00:00,260,1,driving,,,0.9847,0.9711,-0.9520000219345093,0.0,0.0
2022-08-03 17:15:00,261,7,business,public,street,0.9711,0.9711,0.0,0.0,0.0
2022-08-03 19:00:00,268,25,driving,,,0.9711,0.8049,-11.633999824523926,0.0,0.0
2022-08-04 01:15:00,293,18,leisure,public,street,0.8049,0.8049,0.0,0.0,0.0
2022-08-04 05:45:00,311,1,driving,,,0.8049,0.798,-0.4830000102519989,0.0,0.0
2022-08-04 06:00:00,312,42,work,work,work,0.798,0.798,0.0,0.0,0.0
2022-08-04 16:30:00,354,2,driving,,,0.798,0.7882,-0.6859999895095825,0.0,0.0
2022-08-04 17:00:00,356,53,business,public,street,0.7882,0.7882,0.0,0.0,0.0
2022-08-05 06:15:00,409,1,driving,,,0.7882,0.7696,-1.3020000457763672,0.0,0.0
2022-08-05 06:30:00,410,42,work,work,work,0.7696,0.7696,0.0,0.0,0.0
2022-08-05 17:00:00,452,1,driving,,,0.7696,0.7439,-1.7990000247955322,0.0,0.0
2022-08-05 17:15:00,453,86,home,home,home_detached,0.7439,1.0,17.927000045776367,11.0,3.6326000690460205
2022-08-06 14:45:00,539,1,driving,,,1.0,0.9759,-1.687000036239624,0.0,0.0
2022-08-06 15:00:00,540,15,leisure,public,street,0.9759,0.9759,0.0,0.0,0.0
2022-08-06 18:45:00,555,2,driving,,,0.9759,0.938,-2.6530001163482666,0.0,0.0
2022-08-06 19:15:00,557,11,private,public,street,0.938,0.938,0.0,0.0,0.0
2022-08-06 22:00:00,568,2,driving,,,0.938,0.9122,-1.805999994277954,0.0,0.0
2022-08-06 22:30:00,570,38,home,home,home_detached,0.9122,1.0,6.145999908447266,11.0,2.3571999073028564
2022-08-07 08:00:00,608,1,driving,,,1.0,0.9883,-0.8190000057220459,0.0,0.0
2022-08-07 08:15:00,609,35,business,public,street,0.9883,0.9883,0.0,0.0,0.0
2022-08-07 17:00:00,644,1,driving,,,0.9883,0.9797,-0.6019999980926514,0.0,0.0
2022-08-07 17:15:00,645,19,private,public,street,0.9797,0.9797,0.0,0.0,0.0
2022-08-07 22:00:00,664,1,driving,,,0.9797,0.9728,-0.4830000102519989,0.0,0.0
2022-08-07 22:15:00,665,7,home,home,home_detached,0.9728,1.0,1.9040000438690186,11.0,1.7640999555587769
