timestamp,event_start,event_time,location,use_case,charging_use_case,soc_start,soc_end,energy,station_charging_capacity,average_charging_power
2022-08-01 00:00:00,0,22,home,home,home_detached,1.0,1.0,0.0,11.0,0.0
2022-08-01 05:30:00,22,3,driving,,,1.0,0.9616,-3.84,0.0,0.0
2022-08-01 06:15:00,25,25,work,work,work,0.9616,0.9616,0.0,0.0,0.0
2022-08-01 12:30:00,50,1,driving,,,0.9616,0.95,-1.16,0.0,0.0
2022-08-01 12:45:00,51,5,private,public,street,0.95,0.95,0.0,0.0,0.0
2022-08-01 14:00:00,56,1,driving,,,0.95,0.9407,-0.93,0.0,0.0
2022-08-01 14:15:00,57,3,shopping,public,retail,0.9407,0.9407,0.0,0.0,0.0
2022-08-01 15:00:00,60,1,driving,,,0.9407,0.935,-0.57,0.0,0.0
2022-08-01 15:15:00,61,64,home,home,home_detached,0.935,1.0,6.5,11.0,2.195
2022-08-02 07:15:00,125,1,driving,,,1.0,0.9999,-0.01,0.0,0.0
2022-08-02 07:30:00,126,28,school,public,street,0.9999,0.9999,0.0,0.0,0.0
2022-08-02 14:30:00,154,8,driving,,,0.9999,0.9381,-6.18,0.0,0.0
2022-08-02 16:30:00,162,62,home,home,home_detached,0.9381,1.0,6.19,11.0,2.1445
2022-08-03 08:00:00,224,1,driving,,,1.0,0.9907,-0.93,0.0,0.0
2022-08-03 08:15:00,225,5,shopping,public,retail,0.9907,0.9907,0.0,0.0,0.0
2022-08-03 09:30:00,230,3,driving,,,0.9907,0.9332,-5.75,0.0,0.0
2022-08-03 10:15:00,233,85,work,work,work,0.9332,0.9332,0.0,0.0,0.0
2022-08-04 07:30:00,318,1,driving,,,0.9332,0.9262,-0.7,0.0,0.0
2022-08-04 07:45:00,319,1,private,public,street,0.9262,0.9262,0.0,0.0,0.0
2022-08-04 08:00:00,320,2,driving,,,0.9262,0.8933,-3.29,0.0,0.0
2022-08-04 08:30:00,322,8,work,work,work,0.8933,0.8933,0.0,0.0,0.0
2022-08-04 10:30:00,330,1,driving,,,0.8933,0.8915,-0.18,0.0,0.0
2022-08-04 10:45:00,331,18,school,public,street,0.8915,0.8915,0.0,0.0,0.0
2022-08-04 15:15:00,349,1,driving,,,0.8915,0.8872,-0.43,0.0,0.0
2022-08-04 15:30:00,350,59,home,home,home_detached,0.8872,1.0,11.28,11.0,2.4235
2022-08-05 06:15:00,409,10,driving,,,1.0,0.9507,-4.93,0.0,0.0
2022-08-05 08:45:00,419,32,work,work,work,0.9507,0.9507,0.0,0.0,0.0
2022-08-05 16:45:00,451,2,driving,,,0.9507,0.9268,-2.39,0.0,0.0
2022-08-05 17:15:00,453,57,home,home,home_detached,0.9268,1.0,7.32,11.0,2.2756
2022-08-06 07:30:00,510,1,driving,,,1.0,0.9838,-1.62,0.0,0.0
2022-08-06 07:45:00,511,2,private,public,street,0.9838,0.9838,0.0,0.0,0.0
2022-08-06 08:15:00,513,2,driving,,,0.9838,0.9762,-0.76,0.0,0.0
2022-08-06 08:45:00,515,3,shopping,public,retail,0.9762,0.9762,0.0,0.0,0.0
2022-08-06 09:30:00,518,8,driving,,,0.9762,0.9542,-2.2,0.0,0.0
2022-08-06 11:30:00,526,6,private,public,street,0.9542,0.9542,0.0,0.0,0.0
2022-08-06 13:00:00,532,4,driving,,,0.9542,0.8266,-12.76,0.0,0.0
2022-08-06 14:00:00,536,95,home,home,home_detached,0.8266,1.0,17.34,11.0,3.0715
2022-08-07 13:45:00,631,4,driving,,,1.0,0.9349,-6.51,0.0,0.0
2022-08-07 14:45:00,635,37,leisure,public,street,0.9349,0.9349,0.0,0.0,0.0
