timestamp,event_start,event_time,location,use_case,charging_use_case,soc_start,soc_end,energy,station_charging_capacity,average_charging_power
2022-08-01 00:00:00,0,22,home,home,home_detached,1.0,1.0,0.0,11.0,0.0
2022-08-01 05:30:00,22,1,driving,,,1.0,0.9793,-2.07,0.0,0.0
2022-08-01 05:45:00,23,43,work,work,work,0.9793,0.9793,0.0,0.0,0.0
2022-08-01 16:30:00,66,2,driving,,,0.9793,0.9484,-3.09,0.0,0.0
2022-08-01 17:00:00,68,77,home,home,home_detached,0.9484,1.0,5.16,11.0,2.071
2022-08-02 12:15:00,145,1,driving,,,1.0,0.993,-0.7,0.0,0.0
2022-08-02 12:30:00,146,77,work,work,work,0.993,0.993,0.0,0.0,0.0
2022-08-03 07:45:00,223,4,driving,,,0.993,0.959,-3.4,0.0,0.0
2022-08-03 08:45:00,227,36,school,public,street,0.959,0.959,0.0,0.0,0.0
2022-08-03 17:45:00,263,1,driving,,,0.959,0.9505,-0.85,0.0,0.0
2022-08-03 18:00:00,264,51,home,home,home_detached,0.9505,1.0,4.95,11.0,2.0344
2022-08-04 06:45:00,315,12,driving,,,1.0,0.7803,-21.97,0.0,0.0
2022-08-04 09:45:00,327,43,work,work,work,0.7803,0.7803,0.0,0.0,0.0
2022-08-04 20:30:00,370,1,driving,,,0.7803,0.7619,-1.84,0.0,0.0
2022-08-04 20:45:00,371,36,private,public,street,0.7619,0.7619,0.0,0.0,0.0
2022-08-05 05:45:00,407,13,driving,,,0.7619,0.3345,-42.74,0.0,0.0
2022-08-05 09:00:00,420,36,hpc,public,highway_fast,0.3345,0.3345,0.0,0.0,0.0
2022-08-05 18:00:00,456,3,driving,,,0.3345,0.2406,-9.39,0.0,0.0
2022-08-05 18:45:00,459,1,hpc,hpc,highway_fast,0.2406,0.4568,21.62,350.0,131.3092
2022-08-05 19:00:00,460,5,driving,,,0.4568,0.2941,-16.27,0.0,0.0
2022-08-05 20:15:00,465,1,hpc,hpc,highway_fast,0.2941,0.5225,22.84,350.0,126.696
2022-08-05 20:30:00,466,5,driving,,,0.5225,0.3333,-18.92,0.0,0.0
2022-08-05 21:45:00,471,74,leisure,public,street,0.3333,0.3333,0.0,0.0,0.0
2022-08-06 16:15:00,545,2,driving,,,0.3333,0.2968,-3.65,0.0,0.0
2022-08-06 16:45:00,547,59,home,home,home_detached,0.2968,1.0,70.32,11.0,5.0371
2022-08-07 07:30:00,606,4,driving,,,1.0,0.9657,-3.43,0.0,0.0
2022-08-07 08:30:00,610,34,work,work,work,0.9657,0.9657,0.0,0.0,0.0
2022-08-07 17:00:00,644,2,driving,,,0.9657,0.9369,-2.88,0.0,0.0
2022-08-07 17:30:00,646,8,leisure,public,street,0.9369,0.9369,0.0,0.0,0.0
2022-08-07 19:30:00,654,3,driving,,,0.9369,0.9032,-3.37,0.0,0.0
2022-08-07 20:15:00,657,15,home,home,home_detached,0.9032,0.9981,9.49,11.0,2.5306
