timestamp,event_start,event_time,location,use_case,charging_use_case,soc_start,soc_end,energy,station_charging_capacity,average_charging_power
2022-08-01 00:00:00,0,50,home,home,home_detached,1.0,1.0,0.0,11.0,0.0
2022-08-01 12:30:00,50,2,driving,,,1.0,0.9374,-6.26,0.0,0.0
2022-08-01 13:00:00,52,8,business,public,street,0.9374,0.9374,0.0,0.0,0.0
2022-08-01 15:00:00,60,1,driving,,,0.9374,0.9181,-1.93,0.0,0.0
2022-08-01 15:15:00,61,68,work,work,work,0.9181,0.9181,0.0,0.0,0.0
2022-08-02 08:15:00,129,2,driving,,,0.9181,0.9063,-1.18,0.0,0.0
2022-08-02 08:45:00,131,90,shopping,public,retail,0.9063,0.9063,0.0,0.0,0.0
2022-08-03 07:15:00,221,4,driving,,,0.9063,0.8421,-6.42,0.0,0.0
2022-08-03 08:15:00,225,90,work,work,work,0.8421,0.8421,0.0,0.0,0.0
2022-08-04 06:45:00,315,3,driving,,,0.8421,0.7987,-4.34,0.0,0.0
2022-08-04 07:30:00,318,28,school,public,street,0.7987,0.7987,0.0,0.0,0.0
2022-08-04 14:30:00,346,1,driving,,,0.7987,0.7911,-0.76,0.0,0.0
2022-08-04 14:45:00,347,1,shopping,public,retail,0.7911,0.7911,0.0,0.0,0.0
2022-08-04 15:00:00,348,2,driving,,,0.7911,0.784,-0.71,0.0,0.0
2022-08-04 15:30:00,350,90,home,home,home_detached,0.784,1.0,21.6,11.0,3.3721
2022-08-05 14:00:00,440,1,driving,,,1.0,0.9772,-2.28,0.0,0.0
2022-08-05 14:15:00,441,11,leisure,public,street,0.9772,0.9772,0.0,0.0,0.0
2022-08-05 17:00:00,452,3,driving,,,0.9772,0.945,-3.22,0.0,0.0
2022-08-05 17:45:00,455,49,private,public,street,0.945,0.945,0.0,0.0,0.0
2022-08-06 06:00:00,504,2,driving,,,0.945,0.9266,-1.84,0.0,0.0
2022-08-06 06:30:00,506,8,shopping,public,retail,0.9266,0.9266,0.0,0.0,0.0
2022-08-06 08:30:00,514,1,driving,,,0.9266,0.9099,-1.67,0.0,0.0
2022-08-06 08:45:00,515,1,leisure,public,street,0.9099,0.9099,0.0,0.0,0.0
2022-08-06 09:00:00,516,1,driving,,,0.9099,0.9047,-0.52,0.0,0.0
2022-08-06 09:15:00,517,3,shopping,public,retail,0.9047,0.9047,0.0,0.0,0.0
2022-08-06 10:00:00,520,25,driving,,,0.9047,0.4295,-47.52,0.0,0.0
2022-08-06 16:15:00,545,3,leisure,public,street,0.4295,0.4295,0.0,0.0,0.0
2022-08-06 17:00:00,548,1,driving,,,0.4295,0.4252,-0.43,0.0,0.0
2022-08-06 17:15:00,549,3,shopping,public,retail,0.4252,0.4252,0.0,0.0,0.0
2022-08-06 18:00:00,552,5,driving,,,0.4252,0.4055,-1.97,0.0,0.0
2022-08-06 19:15:00,557,10,private,public,street,0.4055,0.4055,0.0,0.0,0.0
2022-08-06 21:45:00,567,1,driving,,,0.4055,0.397,-0.85,0.0,0.0
2022-08-06 22:00:00,568,48,home,home,home_detached,0.397,1.0,60.3,11.0,5.3921
2022-08-07 10:00:00,616,2,driving,,,1.0,0.9818,-1.82,0.0,0.0
2022-08-07 10:30:00,618,24,leisure,public,street,0.9818,0.9818,0.0,0.0,0.0
2022-08-07 16:30:00,642,2,driving,,,0.9818,0.9771,-0.47,0.0,0.0
2022-08-07 17:00:00,644,4,private,public,street,0.9771,0.9771,0.0,0.0,0.0
2022-08-07 18:00:00,648,1,driving,,,0.9771,0.9644,-1.27,0.0,0.0
2022-08-07 18:15:00,649,23,home,home,home_detached,0.9644,1.0,3.56,11.0,1.8327
